acc_hum[rad/s2]  acc_exo[rad/s2]  vel_hum[rad/s]  vel_exo[rad/s]  vel_motor[rpm]  actual_Vel[rpm]  Voltage[V]
0.019  -0.009  -0.003  0.001  -2.581      0  0.000
0.019  -0.018  -0.006  0.001  -4.658      0  0.000
0.019  -0.029  -0.006  0.000  -4.617      0  0.000
-0.000  -0.032  -0.009  0.001  -7.074      0  0.000
-0.037  -0.017  -0.013  0.004  -9.844      0  0.000
-0.063  -0.021  -0.012  0.001  -9.347      0  0.000
-0.079  -0.002  -0.011  0.004  -8.890      0  0.000
-0.092  0.019  -0.012  0.005  -9.052      0  0.000
-0.094  0.043  -0.011  0.006  -8.391      0  0.000
-0.092  0.068  -0.011  0.007  -8.462      0  0.000
-0.079  0.082  -0.010  0.006  -7.692      0  0.000
-0.040  0.098  -0.010  0.009  -7.607      0  0.000
-0.003  0.102  -0.008  0.008  -6.413      0  0.000
0.019  0.091  -0.011  0.008  -8.933      0  0.000
0.021  0.064  -0.012  0.006  -9.543      0  0.000
0.005  0.055  -0.012  0.006  -9.235      0  0.000
-0.005  0.031  -0.011  0.008  -8.875      0  0.000
-0.007  0.028  -0.010  0.009  -8.197      0  0.000
-0.003  0.021  -0.009  0.008  -7.085      0  0.000
0.004  0.015  -0.009  0.008  -7.095      0  0.000
0.001  0.014  -0.010  0.008  -8.113      0  0.000
0.000  -0.011  -0.011  0.005  -8.568      0  0.000
0.010  -0.012  -0.010  0.006  -7.496      0  0.000
0.024  -0.006  -0.010  0.007  -8.205      0  0.000
0.007  -0.011  -0.013  0.006  -9.892      0  0.000
-0.003  -0.028  -0.011  0.006  -8.448      0  0.000
-0.021  -0.036  -0.012  0.006  -9.690      0  0.000
-0.046  -0.018  -0.014  0.009  -11.120      0  0.000
-0.075  -0.004  -0.016  0.007  -12.900      0  0.000
-0.102  0.010  -0.019  0.008  -15.002      0  0.000
-0.095  0.034  -0.015  0.010  -11.752      0  0.000
-0.066  0.041  -0.011  0.007  -8.508      0  0.000
-0.038  0.015  -0.010  0.005  -8.211      0  0.000
-0.011  0.001  -0.012  0.005  -9.467      0  0.000
0.014  -0.005  -0.012  0.006  -9.438      0  0.000
0.017  -0.009  -0.014  0.008  -10.611      0  0.000
0.031  -0.016  -0.014  0.007  -10.888      0  0.000
0.027  -0.030  -0.016  0.006  -12.427      0  0.000
0.019  -0.032  -0.015  0.004  -11.802      0  0.000
0.007  -0.043  -0.013  0.004  -10.462      0  0.000
-0.030  -0.042  -0.014  0.005  -10.748      0  0.000
-0.051  -0.030  -0.015  0.004  -11.681      0  0.000
-0.045  -0.019  -0.015  0.005  -11.789      0  0.000
-0.035  -0.017  -0.016  0.007  -12.319      0  0.000
-0.029  -0.007  -0.015  0.007  -12.059      0  0.000
-0.013  0.007  -0.015  0.008  -11.418      0  0.000
-0.006  0.030  -0.015  0.008  -11.449      0  0.000
0.018  0.056  -0.012  0.009  -9.122      0  0.000
0.026  0.070  -0.011  0.008  -9.004      0  0.000
0.049  0.079  -0.009  0.010  -6.975      0  0.000
0.053  0.085  -0.013  0.011  -10.375      0  0.000
0.051  0.093  -0.014  0.012  -10.663      0  0.000
0.046  0.063  -0.013  0.009  -10.077      0  0.000
0.052  0.011  -0.010  0.004  -8.087      0  0.000
0.062  -0.041  -0.008  0.002  -6.205      0  0.000
0.061  -0.085  -0.008  0.001  -6.662      0  0.000
0.060  -0.093  -0.008  0.005  -6.479      0  0.000
0.039  -0.090  -0.010  0.007  -8.145      0  0.000
0.047  -0.076  -0.008  0.007  -6.421      0  0.000
0.051  -0.056  -0.008  0.009  -6.467      0  0.000
0.056  -0.042  -0.010  0.005  -8.233      0  0.000
0.031  -0.002  -0.011  0.008  -8.507      0  0.000
-0.012  0.053  -0.013  0.009  -10.291      0  0.000
-0.040  0.088  -0.011  0.009  -8.924      0  0.000
-0.051  0.083  -0.011  0.008  -8.742      0  0.000
-0.058  0.058  -0.013  0.007  -10.463      0  0.000
-0.032  0.008  -0.008  0.005  -6.320      0  0.000
-0.026  -0.034  -0.012  0.002  -9.154      0  0.000
-0.038  -0.058  -0.013  0.003  -10.269      0  0.000
-0.018  -0.081  -0.011  0.001  -8.271      0  0.000
0.026  -0.077  -0.007  0.004  -5.363      0  0.000
0.038  -0.073  -0.009  0.006  -7.341      0  0.000
0.037  -0.040  -0.011  0.009  -8.579      0  0.000
0.023  -0.017  -0.011  0.006  -8.450      0  0.000
0.026  0.008  -0.009  0.006  -7.217      0  0.000
0.031  0.027  -0.009  0.005  -6.882      0  0.000
0.017  0.042  -0.009  0.005  -6.997      0  0.000
0.041  0.032  -0.008  0.003  -6.073      0  0.000
0.056  0.015  -0.005  0.004  -3.899      0  0.000
0.045  0.002  -0.006  0.005  -5.019      0  0.000
0.046  -0.017  -0.006  0.006  -4.728      0  0.000
0.058  -0.033  -0.008  0.005  -6.096      0  0.000
0.049  -0.038  -0.008  0.004  -6.654      0  0.000
0.027  -0.039  -0.009  0.001  -6.892      0  0.000
0.015  -0.034  -0.007  0.003  -5.205      0  0.000
0.026  -0.033  -0.004  0.002  -3.040      0  0.000
0.024  -0.017  -0.005  0.005  -4.254      0  0.000
-0.004  -0.005  -0.009  0.005  -7.238      0  0.000
-0.025  -0.004  -0.009  0.005  -7.459      0  0.000
-0.029  0.004  -0.010  0.005  -7.969      0  0.000
-0.035  0.018  -0.010  0.006  -7.688      0  0.000
-0.035  0.037  -0.010  0.005  -7.805      0  0.000
-0.058  0.048  -0.013  0.005  -9.876      0  0.000
-0.084  0.037  -0.013  0.003  -10.445      0  0.000
-0.088  -0.014  -0.010  -0.001  -7.864      0  0.000
-0.079  -0.026  -0.011  0.003  -8.318      0  0.000
-0.038  -0.019  -0.009  0.007  -7.092      0  0.000
-0.000  0.005  -0.009  0.008  -6.867      0  0.000
0.006  0.016  -0.010  0.007  -8.123      0  0.000
0.007  0.012  -0.011  0.004  -8.827      0  0.000
0.029  0.012  -0.007  0.004  -5.628      0  0.000
0.044  0.014  -0.008  0.004  -6.303      0  0.000
0.042  0.027  -0.011  0.006  -8.341      0  0.000
0.022  0.065  -0.011  0.010  -8.478      0  0.000
0.006  0.101  -0.009  0.014  -7.015      0  0.000
-0.012  0.075  -0.012  0.010  -9.547      0  0.000
-0.040  0.049  -0.014  0.007  -10.783      0  0.000
-0.045  0.045  -0.012  0.007  -9.632      0  0.000
-0.062  0.052  -0.015  0.007  -12.030      0  0.000
-0.091  0.064  -0.017  0.010  -13.173      0  0.000
-0.126  0.044  -0.018  0.009  -14.215      0  0.000
-0.113  0.032  -0.016  0.011  -12.418      0  0.000
-0.088  0.007  -0.015  0.010  -11.416      0  0.000
-0.065  -0.019  -0.013  0.008  -10.159      0  0.000
-0.037  -0.003  -0.012  0.011  -9.739      0  0.000
-0.008  0.028  -0.015  0.010  -11.623      0  0.000
0.005  0.019  -0.015  0.007  -11.745      0  0.000
0.002  -0.005  -0.016  0.006  -12.899      0  0.000
0.012  -0.040  -0.016  0.005  -12.793      0  0.000
0.023  -0.077  -0.013  0.003  -10.463      0  0.000
0.022  -0.093  -0.013  0.002  -10.460      0  0.000
0.014  -0.108  -0.012  0.003  -9.598      0  0.000
0.014  -0.091  -0.012  0.006  -9.762      0  0.000
0.016  -0.067  -0.013  0.007  -10.250      0  0.000
0.029  -0.036  -0.013  0.009  -9.906      0  0.000
0.034  -0.001  -0.015  0.007  -11.391      0  0.000
0.017  0.029  -0.016  0.007  -12.661      0  0.000
0.004  0.041  -0.015  0.006  -12.106      0  0.000
-0.012  0.058  -0.014  0.008  -11.139      0  0.000
-0.024  0.057  -0.013  0.007  -10.378      0  0.000
-0.006  0.040  -0.011  0.006  -8.680      0  0.000
0.011  0.009  -0.011  0.005  -8.367      0  0.000
0.038  -0.029  -0.010  0.004  -7.566      0  0.000
0.045  -0.027  -0.012  0.007  -9.733      0  0.000
0.044  -0.005  -0.013  0.011  -10.331      0  0.000
0.045  0.037  -0.013  0.012  -10.324      0  0.000
0.051  0.045  -0.010  0.009  -8.120      0  0.000
0.055  0.050  -0.008  0.009  -6.076      0  0.000
0.052  0.038  -0.008  0.007  -6.445      0  0.000
0.040  0.037  -0.010  0.007  -7.754      0  0.000
0.013  0.048  -0.013  0.010  -10.068      0  0.000
-0.019  0.045  -0.016  0.010  -12.682      0  0.000
-0.034  0.032  -0.015  0.010  -11.482      0  0.000
-0.011  0.012  -0.010  0.011  -7.836      0  0.000
-0.001  -0.015  -0.009  0.007  -7.163      0  0.000
0.004  -0.038  -0.008  0.004  -6.612      0  0.000
-0.006  -0.044  -0.010  0.004  -7.867      0  0.000
0.005  -0.044  -0.009  0.007  -7.208      0  0.000
0.011  -0.042  -0.013  0.007  -10.100      0  0.000
0.014  -0.039  -0.014  0.009  -10.780      0  0.000
0.029  -0.051  -0.011  0.006  -8.555      0  0.000
0.034  -0.043  -0.009  0.006  -7.319      0  0.000
0.013  -0.044  -0.009  0.004  -7.273      0  0.000
-0.014  -0.031  -0.011  0.005  -8.389      0  0.000
-0.035  -0.002  -0.014  0.005  -11.284      0  0.000
-0.041  -0.008  -0.014  0.003  -10.679      0  0.000
-0.047  -0.038  -0.015  0.002  -12.155      0  0.000
-0.056  -0.061  -0.015  0.003  -12.150      0  0.000
-0.053  -0.061  -0.015  0.004  -12.157      0  0.000
-0.063  -0.038  -0.014  0.007  -11.354      0  0.000
-0.073  0.010  -0.014  0.009  -10.855      0  0.000
-0.051  0.036  -0.012  0.008  -9.215      0  0.000
-0.007  0.030  -0.010  0.003  -7.669      0  0.000
0.032  0.023  -0.011  0.005  -8.495      0  0.000
0.066  0.034  -0.010  0.006  -8.062      0  0.000
0.078  0.057  -0.010  0.009  -7.610      0  0.000
0.104  0.066  -0.007  0.009  -5.681      0  0.000
0.097  0.054  -0.009  0.008  -7.444      0  0.000
0.069  0.041  -0.012  0.008  -9.470      0  0.000
0.037  0.029  -0.012  0.009  -9.509      0  0.000
-0.004  0.044  -0.014  0.011  -11.005      0  0.000
-0.049  0.047  -0.016  0.007  -12.223      0  0.000
-0.052  0.040  -0.011  0.006  -8.732      0  0.000
-0.025  0.002  -0.008  0.006  -6.233      0  0.000
0.004  -0.016  -0.006  0.008  -4.589      0  0.000
0.029  -0.030  -0.006  0.007  -4.975      0  0.000
0.028  -0.029  -0.011  0.007  -8.588      0  0.000
0.024  -0.037  -0.015  0.005  -11.430      0  0.000
0.010  -0.046  -0.015  0.005  -11.763      0  0.000
-0.002  -0.044  -0.013  0.006  -9.998      0  0.000
-0.016  -0.054  -0.013  0.003  -10.437      0  0.000
-0.046  -0.037  -0.014  0.004  -10.850      0  0.000
-0.087  -0.036  -0.014  0.004  -10.978      0  0.000
-0.091  -0.034  -0.012  0.006  -9.809      0  0.000
-0.080  -0.027  -0.014  0.007  -10.865      0  0.000
-0.047  0.003  -0.014  0.008  -10.861      0  0.000
-0.013  0.008  -0.015  0.005  -11.489      0  0.000
0.003  0.026  -0.014  0.007  -10.822      0  0.000
-0.011  0.031  -0.015  0.007  -12.105      0  0.000
-0.016  0.029  -0.013  0.006  -10.512      0  0.000
0.006  0.030  -0.011  0.005  -8.741      0  0.000
0.033  0.001  -0.009  0.004  -7.182      0  0.000
0.052  -0.006  -0.009  0.006  -7.315      0  0.000
0.040  -0.005  -0.013  0.008  -10.542      0  0.000
0.028  -0.002  -0.015  0.007  -11.941      0  0.000
0.024  0.000  -0.013  0.006  -10.046      0  0.000
0.026  0.002  -0.011  0.004  -8.989      0  0.000
0.018  -0.022  -0.012  0.003  -9.254      0  0.000
0.015  -0.033  -0.011  0.003  -8.967      0  0.000
-0.006  -0.008  -0.012  0.008  -9.455      0  0.000
-0.010  -0.000  -0.011  0.007  -8.562      0  0.000
0.012  -0.007  -0.008  0.005  -6.565      0  0.000
0.058  -0.024  -0.006  0.004  -4.826      0  0.000
0.098  -0.026  -0.006  0.004  -4.955      0  0.000
0.088  -0.036  -0.010  0.001  -7.641      0  0.000
0.042  -0.046  -0.013  -0.000  -10.278      0  0.000
-0.015  -0.045  -0.017  0.002  -13.658      0  0.000
-0.074  -0.045  -0.020  0.003  -15.949      0  0.000
-0.107  -0.055  -0.017  0.002  -13.554      0  0.000
-0.119  -0.052  -0.015  0.005  -11.802      0  0.000
-0.127  -0.028  -0.014  0.003  -11.136      0  0.000
-0.111  -0.005  -0.012  0.003  -9.301      0  0.000
-0.089  0.031  -0.014  0.007  -11.055      0  0.000
-0.049  0.061  -0.015  0.007  -11.501      0  0.000
0.004  0.079  -0.014  0.005  -10.949      0  0.000
0.048  0.070  -0.013  0.005  -10.125      0  0.000
0.072  0.051  -0.013  0.005  -10.196      0  0.000
0.065  0.039  -0.013  0.005  -10.325      0  0.000
0.032  0.034  -0.014  0.006  -10.655      0  0.000
0.003  0.015  -0.015  0.005  -11.924      0  0.000
-0.007  0.020  -0.014  0.006  -10.927      0  0.000
0.000  0.022  -0.012  0.008  -9.253      0  0.000
0.034  0.010  -0.009  0.007  -7.408      0  0.000
0.068  0.008  -0.006  0.005  -4.864      0  0.000
0.090  0.004  -0.006  0.004  -4.826      0  0.000
0.098  0.006  -0.008  0.006  -6.064      0  0.000
0.078  0.019  -0.013  0.009  -9.995      0  0.000
0.056  0.044  -0.013  0.011  -10.018      0  0.000
0.037  0.063  -0.012  0.012  -9.519      0  0.000
0.028  0.084  -0.010  0.013  -7.490      0  0.000
0.021  0.074  -0.007  0.009  -5.217      0  0.000
0.004  0.049  -0.008  0.006  -6.309      0  0.000
-0.033  0.049  -0.013  0.008  -10.215      0  0.000
-0.070  0.042  -0.016  0.008  -12.521      0  0.000
-0.077  0.026  -0.016  0.010  -12.659      0  0.000
-0.060  -0.009  -0.014  0.008  -10.804      0  0.000
-0.022  -0.034  -0.010  0.008  -7.627      0  0.000
-0.001  -0.050  -0.007  0.007  -5.490      0  0.000
0.006  -0.053  -0.008  0.006  -6.572      0  0.000
0.008  -0.057  -0.009  0.004  -7.192      0  0.000
0.001  -0.045  -0.013  0.005  -10.524      0  0.000
0.006  -0.035  -0.015  0.006  -11.947      0  0.000
0.003  -0.041  -0.017  0.007  -13.280      0  0.000
0.002  -0.042  -0.012  0.006  -9.658      0  0.000
-0.009  -0.037  -0.010  0.006  -8.198      0  0.000
-0.028  -0.013  -0.010  0.007  -8.110      0  0.000
-0.029  0.002  -0.009  0.007  -7.061      0  0.000
-0.045  0.019  -0.016  0.007  -12.237      0  0.000
-0.042  0.018  -0.017  0.005  -13.026      0  0.000
-0.042  0.032  -0.017  0.009  -13.724      0  0.000
-0.012  0.037  -0.013  0.010  -10.196      0  0.000
0.015  0.036  -0.009  0.009  -7.203      0  0.000
0.016  0.027  -0.011  0.007  -8.531      0  0.000
-0.005  0.025  -0.012  0.007  -9.111      0  0.000
-0.006  0.005  -0.013  0.005  -9.958      0  0.000
-0.005  -0.028  -0.015  0.003  -11.495      0  0.000
0.018  -0.046  -0.012  0.003  -9.222      0  0.000
0.053  -0.056  -0.012  0.004  -9.147      0  0.000
0.049  -0.049  -0.011  0.007  -8.569      0  0.000
0.032  -0.060  -0.011  0.006  -8.733      0  0.000
-0.005  -0.040  -0.013  0.007  -9.870      0  0.000
-0.029  -0.012  -0.015  0.007  -11.481      0  0.000
-0.038  0.015  -0.017  0.007  -13.318      0  0.000
-0.058  0.021  -0.018  0.006  -14.334      0  0.000
-0.053  0.023  -0.015  0.004  -11.501      0  0.000
-0.036  0.011  -0.012  0.003  -9.123      0  0.000
-0.021  -0.008  -0.010  0.004  -7.504      0  0.000
-0.003  -0.031  -0.012  0.003  -9.065      0  0.000
0.007  -0.033  -0.013  0.006  -10.134      0  0.000
0.026  -0.029  -0.013  0.005  -9.886      0  0.000
0.051  -0.032  -0.011  0.004  -8.945      0  0.000
0.075  -0.005  -0.010  0.007  -7.979      0  0.000
0.089  0.015  -0.009  0.007  -6.831      0  0.000
0.078  0.029  -0.009  0.006  -7.310      0  0.000
0.048  0.032  -0.010  0.005  -7.536      0  0.000
0.019  0.032  -0.012  0.006  -9.267      0  0.000
0.007  0.017  -0.012  0.005  -9.505      0  0.000
0.016  0.004  -0.011  0.004  -8.454      0  0.000
0.020  0.000  -0.010  0.007  -7.663      0  0.000
0.002  0.019  -0.011  0.009  -9.020      0  0.000
-0.023  0.029  -0.013  0.009  -10.022      0  0.000
-0.040  0.026  -0.013  0.008  -10.151      0  0.000
-0.048  0.045  -0.013  0.009  -10.291      0  0.000
-0.048  0.060  -0.014  0.009  -10.914      0  0.000
-0.052  0.057  -0.015  0.008  -11.927      0  0.000
-0.045  0.059  -0.014  0.010  -10.861      0  0.000
-0.038  0.066  -0.012  0.010  -9.475      0  0.000
-0.018  0.068  -0.010  0.012  -7.584      0  0.000
0.004  0.063  -0.010  0.013  -8.120      0  0.000
0.031  0.048  -0.010  0.010  -8.232      0  0.000
0.052  0.038  -0.010  0.009  -7.564      0  0.000
0.047  0.007  -0.012  0.006  -9.700      0  0.000
0.034  -0.034  -0.013  0.004  -10.576      0  0.000
0.022  -0.064  -0.013  0.004  -10.331      0  0.000
-0.006  -0.082  -0.015  0.005  -11.824      0  0.000
-0.043  -0.115  -0.015  0.003  -12.081      0  0.000
-0.066  -0.114  -0.015  0.006  -11.459      0  0.000
-0.067  -0.116  -0.013  0.004  -10.110      0  0.000
-0.048  -0.089  -0.013  0.006  -9.847      0  0.000
-0.018  -0.048  -0.010  0.005  -8.020      0  0.000
0.006  -0.022  -0.011  0.005  -8.803      0  0.000
0.034  0.011  -0.012  0.006  -9.067      0  0.000
0.040  0.019  -0.013  0.005  -9.836      0  0.000
0.033  0.033  -0.014  0.008  -10.784      0  0.000
0.037  0.034  -0.012  0.006  -9.397      0  0.000
0.035  0.021  -0.011  0.004  -8.320      0  0.000
0.021  -0.004  -0.011  0.003  -9.028      0  0.000
0.008  0.001  -0.011  0.006  -9.019      0  0.000
-0.002  -0.013  -0.012  0.004  -9.591      0  0.000
-0.011  -0.015  -0.013  0.005  -9.864      0  0.000
-0.018  -0.030  -0.015  0.003  -11.717      0  0.000
-0.033  -0.037  -0.016  0.004  -12.493      0  0.000
-0.028  -0.033  -0.013  0.004  -10.336      0  0.000
-0.017  -0.017  -0.011  0.007  -8.752      0  0.000
-0.038  0.018  -0.015  0.007  -11.737      0  0.000
-0.037  0.041  -0.014  0.007  -10.722      0  0.000
-0.033  0.044  -0.015  0.007  -11.699      0  0.000
-0.036  0.034  -0.016  0.006  -12.677      0  0.000
-0.019  0.031  -0.013  0.004  -10.523      0  0.000
-0.010  0.018  -0.014  0.004  -11.275      0  0.000
0.010  0.017  -0.012  0.006  -9.750      0  0.000
0.013  0.013  -0.012  0.008  -9.777      0  0.000
-0.008  0.025  -0.015  0.010  -11.927      0  0.000
-0.003  0.022  -0.014  0.009  -10.679      0  0.000
0.026  0.033  -0.012  0.009  -9.469      0  0.000
0.040  0.032  -0.010  0.007  -8.050      0  0.000
0.064  0.019  -0.009  0.005  -7.050      0  0.000
0.065  0.016  -0.011  0.006  -8.410      0  0.000
0.044  0.010  -0.012  0.006  -9.631      0  0.000
0.029  -0.011  -0.014  0.005  -10.710      0  0.000
-0.011  -0.038  -0.017  0.005  -13.328      0  0.000
-0.004  -0.057  -0.012  0.005  -9.159      0  0.000
0.010  -0.062  -0.010  0.005  -7.979      0  0.000
-0.005  -0.041  -0.011  0.005  -8.945      0  0.000
-0.014  -0.027  -0.012  0.005  -9.161      0  0.000
-0.006  -0.028  -0.010  0.002  -7.916      0  0.000
0.003  -0.038  -0.012  0.002  -9.107      0  0.000
0.026  -0.062  -0.011  0.000  -8.698      0  0.000
0.040  -0.057  -0.011  0.003  -8.594      0  0.000
0.043  -0.040  -0.011  0.004  -8.664      0  0.000
0.034  -0.011  -0.011  0.007  -8.784      0  0.000
0.014  0.023  -0.009  0.008  -6.933      0  0.000
0.013  0.055  -0.010  0.009  -7.940      0  0.000
0.016  0.079  -0.011  0.009  -8.518      0  0.000
-0.003  0.100  -0.013  0.008  -10.523      0  0.000
-0.017  0.130  -0.013  0.011  -9.935      0  0.000
-0.018  0.126  -0.012  0.010  -9.728      0  0.000
-0.027  0.104  -0.013  0.009  -9.878      0  0.000
-0.037  0.070  -0.013  0.009  -10.518      0  0.000
-0.042  0.047  -0.013  0.010  -10.359      0  0.000
-0.039  0.026  -0.012  0.010  -9.531      0  0.000
-0.037  0.036  -0.012  0.014  -9.742      0  0.000
-0.013  0.049  -0.012  0.014  -9.045      0  0.000
-0.004  0.065  -0.013  0.014  -10.412      0  0.000
0.009  0.064  -0.012  0.012  -9.618      0  0.000
0.023  0.028  -0.009  0.008  -7.304      0  0.000
0.032  -0.004  -0.010  0.006  -8.107      0  0.000
0.053  -0.055  -0.008  0.002  -6.246      0  0.000
0.062  -0.116  -0.009  0.000  -7.053      0  0.000
0.044  -0.153  -0.012  0.002  -9.408      0  0.000
0.030  -0.165  -0.011  0.004  -8.899      0  0.000
0.045  -0.160  -0.007  0.006  -5.512      0  0.000
0.041  -0.123  -0.009  0.007  -7.190      0  0.000
0.054  -0.089  -0.006  0.004  -5.105      0  0.000
0.037  -0.048  -0.009  0.003  -6.756      0  0.000
0.015  -0.024  -0.010  0.000  -7.787      0  0.000
-0.020  -0.012  -0.015  0.001  -12.017      0  0.000
-0.072  -0.016  -0.018  -0.000  -14.251      0  0.000
-0.089  -0.029  -0.016  0.002  -12.835      0  0.000
-0.083  -0.049  -0.013  0.002  -10.118      0  0.000
-0.095  -0.056  -0.013  0.003  -10.325      0  0.000
-0.087  -0.052  -0.011  0.002  -8.400      0  0.000
-0.066  -0.041  -0.013  0.001  -10.586      0  0.000
-0.053  -0.010  -0.014  0.003  -10.613      0  0.000
-0.022  0.023  -0.014  0.005  -11.270      0  0.000
0.009  0.050  -0.014  0.005  -10.644      0  0.000
0.033  0.063  -0.014  0.007  -11.070      0  0.000
0.025  0.076  -0.014  0.006  -11.150      0  0.000
-0.005  0.078  -0.014  0.007  -11.274      0  0.000
-0.030  0.076  -0.015  0.006  -11.777      0  0.000
-0.028  0.065  -0.014  0.005  -10.979      0  0.000
-0.024  0.049  -0.014  0.004  -10.642      0  0.000
0.005  0.032  -0.012  0.005  -9.618      0  0.000
0.010  0.008  -0.013  0.005  -10.575      0  0.000
-0.003  -0.013  -0.016  0.005  -12.904      0  0.000
-0.028  -0.024  -0.018  0.004  -14.373      0  0.000
-0.043  -0.040  -0.018  0.003  -14.260      0  0.000
-0.056  -0.031  -0.018  0.005  -14.275      0  0.000
-0.048  -0.026  -0.015  0.005  -11.869      0  0.000
-0.031  -0.008  -0.014  0.005  -10.679      0  0.000
-0.013  0.006  -0.012  0.005  -9.772      0  0.000
0.012  0.006  -0.012  0.004  -9.292      0  0.000
0.041  -0.007  -0.011  0.003  -8.859      0  0.000
0.076  0.000  -0.011  0.006  -9.001      0  0.000
0.100  0.019  -0.012  0.007  -9.066      0  0.000
0.097  0.035  -0.013  0.008  -9.861      0  0.000
0.078  0.060  -0.012  0.010  -9.636      0  0.000
0.045  0.051  -0.014  0.007  -10.776      0  0.000
0.005  0.050  -0.014  0.007  -11.009      0  0.000
-0.004  0.027  -0.011  0.004  -8.889      0  0.000
0.008  0.017  -0.009  0.005  -6.911      0  0.000
0.004  0.010  -0.012  0.005  -9.552      0  0.000
-0.008  -0.005  -0.014  0.006  -11.054      0  0.000
-0.033  -0.018  -0.017  0.008  -13.703      0  0.000
-0.043  -0.014  -0.016  0.008  -12.405      0  0.000
-0.026  -0.007  -0.012  0.008  -9.371      0  0.000
-0.009  -0.004  -0.011  0.006  -8.424      0  0.000
0.007  0.027  -0.011  0.008  -8.629      0  0.000
-0.000  0.025  -0.013  0.006  -10.257      0  0.000
-0.030  0.029  -0.017  0.007  -12.968      0  0.000
-0.039  0.010  -0.016  0.006  -12.938      0  0.000
-0.025  0.011  -0.017  0.008  -12.987      0  0.000
-0.020  0.014  -0.016  0.009  -12.282      0  0.000
-0.000  0.027  -0.012  0.012  -9.052      0  0.000
-0.004  0.037  -0.011  0.010  -8.689      0  0.000
-0.016  0.041  -0.013  0.008  -10.352      0  0.000
0.009  0.038  -0.011  0.008  -8.568      0  0.000
0.043  0.022  -0.010  0.007  -8.232      0  0.000
0.068  0.025  -0.012  0.009  -9.157      0  0.000
0.084  -0.001  -0.011  0.006  -8.596      0  0.000
0.064  -0.029  -0.013  0.005  -9.935      0  0.000
0.030  -0.052  -0.014  0.006  -11.346      0  0.000
-0.011  -0.050  -0.015  0.008  -11.903      0  0.000
-0.048  -0.050  -0.015  0.007  -11.925      0  0.000
-0.048  -0.031  -0.014  0.006  -10.790      0  0.000
-0.035  -0.020  -0.012  0.006  -9.565      0  0.000
-0.012  -0.015  -0.008  0.006  -6.523      0  0.000
0.019  -0.027  -0.009  0.003  -6.707      0  0.000
0.057  -0.023  -0.007  0.006  -5.875      0  0.000
0.079  -0.017  -0.008  0.005  -6.393      0  0.000
0.112  -0.026  -0.006  0.004  -5.067      0  0.000
0.125  -0.048  -0.007  0.003  -5.495      0  0.000
0.109  -0.041  -0.009  0.006  -6.883      0  0.000
0.093  -0.038  -0.007  0.003  -5.411      0  0.000
0.072  -0.038  -0.006  0.003  -4.718      0  0.000
0.045  -0.025  -0.007  0.005  -5.464      0  0.000
0.014  -0.015  -0.008  0.004  -6.337      0  0.000
-0.008  0.016  -0.011  0.008  -8.259      0  0.000
-0.027  0.039  -0.010  0.010  -7.820      0  0.000
-0.031  0.064  -0.009  0.008  -7.169      0  0.000
-0.052  0.084  -0.011  0.010  -8.927      0  0.000
-0.050  0.087  -0.010  0.009  -7.954      0  0.000
-0.071  0.076  -0.014  0.009  -11.210      0  0.000
-0.106  0.091  -0.016  0.010  -12.574      0  0.000
-0.105  0.071  -0.013  0.008  -10.597      0  0.000
-0.086  0.042  -0.013  0.008  -9.974      0  0.000
-0.061  0.015  -0.012  0.007  -9.156      0  0.000
-0.045  -0.027  -0.013  0.005  -10.219      0  0.000
-0.039  -0.040  -0.013  0.007  -10.013      0  0.000
-0.016  -0.036  -0.011  0.007  -8.512      0  0.000
-0.009  -0.049  -0.015  0.005  -11.800      0  0.000
0.007  -0.059  -0.012  0.004  -9.226      0  0.000
0.040  -0.075  -0.010  0.003  -8.062      0  0.000
0.036  -0.072  -0.012  0.005  -9.395      0  0.000
0.027  -0.069  -0.010  0.002  -8.087      0  0.000
0.017  -0.065  -0.012  0.003  -9.739      0  0.000
0.020  -0.060  -0.011  0.002  -8.469      0  0.000
0.031  -0.049  -0.010  0.004  -8.005      0  0.000
0.020  -0.047  -0.012  0.003  -9.487      0  0.000
0.027  -0.046  -0.009  0.001  -7.249      0  0.000
0.046  -0.039  -0.008  0.001  -6.667      0  0.000
0.028  -0.028  -0.010  0.002  -7.691      0  0.000
0.015  -0.012  -0.012  0.004  -9.102      0  0.000
-0.002  -0.007  -0.014  0.004  -11.006      0  0.000
-0.024  0.029  -0.014  0.007  -10.765      0  0.000
-0.019  0.029  -0.011  0.004  -8.920      0  0.000
-0.021  0.019  -0.010  0.002  -7.961      0  0.000
-0.014  0.008  -0.010  0.002  -7.934      0  0.000
0.006  0.022  -0.008  0.004  -6.653      0  0.000
-0.013  0.031  -0.012  0.004  -9.814      0  0.000
-0.031  0.008  -0.016  0.002  -12.634      0  0.000
-0.019  -0.013  -0.013  0.002  -10.105      0  0.000
-0.002  -0.033  -0.011  0.001  -8.944      0  0.000
0.011  -0.023  -0.010  0.004  -8.000      0  0.000
-0.002  -0.020  -0.012  0.003  -9.263      0  0.000
-0.031  0.012  -0.014  0.005  -11.245      0  0.000
-0.065  0.018  -0.018  0.003  -14.285      0  0.000
-0.079  0.010  -0.017  0.003  -13.695      0  0.000
-0.057  0.015  -0.013  0.006  -10.019      0  0.000
-0.009  0.027  -0.011  0.005  -8.333      0  0.000
0.012  0.061  -0.011  0.008  -8.518      0  0.000
0.011  0.079  -0.010  0.009  -7.972      0  0.000
0.004  0.089  -0.014  0.009  -10.907      0  0.000
0.010  0.082  -0.014  0.009  -10.685      0  0.000
0.035  0.060  -0.012  0.004  -9.588      0  0.000
0.043  0.012  -0.014  0.000  -10.708      0  0.000
0.057  -0.015  -0.010  0.002  -7.727      0  0.000
0.018  -0.030  -0.014  0.005  -10.715      0  0.000
-0.022  -0.044  -0.014  0.006  -10.843      0  0.000
-0.044  -0.037  -0.016  0.007  -12.255      0  0.000
-0.037  -0.032  -0.014  0.008  -10.679      0  0.000
-0.013  -0.024  -0.011  0.005  -8.646      0  0.000
0.023  -0.017  -0.010  0.003  -7.564      0  0.000
0.023  -0.000  -0.011  0.004  -8.998      0  0.000
0.011  0.030  -0.013  0.006  -10.506      0  0.000
0.002  0.032  -0.014  0.005  -11.300      0  0.000
-0.013  -0.004  -0.014  0.003  -11.303      0  0.000
-0.005  -0.013  -0.015  0.007  -11.691      0  0.000
0.005  -0.008  -0.011  0.006  -8.723      0  0.000
0.012  0.002  -0.011  0.007  -8.525      0  0.000
0.010  0.031  -0.010  0.009  -7.513      0  0.000
-0.002  0.063  -0.013  0.009  -9.903   -308  1.949
-0.029  0.063  -0.018  0.007  -14.324   -405  2.563
-0.031  0.017  -0.017  0.002  -13.325   -405  2.563
-0.016  -0.032  -0.013  -0.000  -10.301   -404  2.557
-0.010  -0.058  -0.013  0.001  -10.009   -354  2.241
-0.013  -0.064  -0.013  0.004  -10.250   -302  1.911
-0.021  -0.082  -0.014  0.003  -10.709   -302  1.911
-0.037  -0.056  -0.014  0.007  -11.315   -249  1.576
-0.048  -0.023  -0.018  0.009  -14.066   -212  1.342
-0.030  -0.004  -0.014  0.006  -11.255   -176  1.114
-0.003  0.027  -0.015  0.006  -11.854   -176  1.114
0.018  0.052  -0.014  0.005  -10.638   -150  0.949
0.016  0.091  -0.011  0.008  -8.724   -124  0.785
0.020  0.104  -0.010  0.010  -7.994   -124  0.785
0.020  0.114  -0.014  0.014  -10.986   -106  0.671
0.037  0.093  -0.012  0.010  -9.271    -88  0.557
0.052  0.064  -0.012  0.007  -9.056    -76  0.481
0.063  0.030  -0.011  0.007  -8.774    -76  0.481
0.051  -0.001  -0.014  0.004  -10.863    -64  0.405
0.018  -0.021  -0.013  0.003  -10.422    -55  0.348
0.010  -0.046  -0.012  0.004  -9.526    -46  0.291
-0.009  -0.067  -0.013  0.005  -10.072    -46  0.291
-0.006  -0.108  -0.010  0.003  -8.079    -41  0.259
0.017  -0.120  -0.009  0.003  -7.057    -35  0.222
0.045  -0.094  -0.009  0.006  -6.924    -32  0.203
0.013  -0.047  -0.015  0.005  -11.488    -16  0.101
0.001  -0.004  -0.014  0.007  -10.844    -14  0.089
-0.017  0.010  -0.016  0.005  -12.248    -13  0.082
-0.021  0.034  -0.014  0.006  -11.196    -13  0.082
-0.040  0.034  -0.015  0.005  -11.397    -13  0.082
-0.059  0.021  -0.015  0.005  -12.035    -12  0.076
-0.081  0.016  -0.018  0.005  -13.752    -12  0.076
-0.084  0.013  -0.014  0.005  -11.336    -12  0.076
-0.072  0.003  -0.015  0.006  -11.860    -12  0.076
-0.052  -0.006  -0.016  0.006  -12.817    -12  0.076
-0.018  0.005  -0.016  0.006  -12.191    -12  0.076
-0.012  0.004  -0.015  0.006  -11.675    -11  0.070
-0.005  0.016  -0.016  0.006  -12.279    -12  0.076
0.002  0.018  -0.014  0.006  -10.859    -12  0.076
0.022  0.009  -0.013  0.003  -10.120    -12  0.076
0.029  -0.006  -0.014  0.003  -11.324    -12  0.076
0.037  -0.014  -0.013  0.004  -10.536    -12  0.076
0.032  -0.017  -0.013  0.005  -9.893    -12  0.076
0.052  -0.032  -0.011  0.003  -8.658    -11  0.070
0.064  -0.025  -0.011  0.006  -8.548    -11  0.070
0.064  -0.024  -0.011  0.004  -8.413    -12  0.076
0.066  -0.017  -0.010  0.004  -7.977    -12  0.076
0.068  -0.010  -0.010  0.004  -7.795    -12  0.076
0.045  0.016  -0.012  0.007  -9.720    -11  0.070
0.038  0.031  -0.011  0.005  -8.740    -10  0.063
0.017  0.043  -0.014  0.009  -10.988     -9  0.057
-0.007  0.059  -0.013  0.010  -10.307     -9  0.057
-0.018  0.058  -0.012  0.007  -9.208     -9  0.057
-0.016  0.048  -0.010  0.005  -7.946     -9  0.057
-0.021  0.015  -0.013  0.003  -9.948     -9  0.057
-0.041  0.008  -0.016  0.005  -12.382     -9  0.057
-0.037  -0.011  -0.013  0.005  -10.029     -9  0.057
-0.034  -0.031  -0.014  0.004  -10.996     -8  0.051
-0.019  -0.046  -0.013  0.005  -10.170     -8  0.051
-0.002  -0.034  -0.010  0.007  -8.105     -8  0.051
0.000  -0.050  -0.014  0.004  -10.953     -8  0.051
-0.015  -0.029  -0.014  0.006  -11.135     -9  0.057
-0.048  0.016  -0.018  0.008  -14.509     -9  0.057
-0.052  0.040  -0.016  0.007  -12.583     -9  0.057
-0.046  0.013  -0.017  0.001  -13.340     -9  0.057
-0.049  -0.021  -0.017  0.001  -13.309     -9  0.057
-0.070  -0.053  -0.017  -0.001  -13.478    -10  0.063
-0.067  -0.071  -0.017  0.001  -13.370    -10  0.063
-0.050  -0.078  -0.014  0.002  -10.778    -11  0.070
-0.005  -0.071  -0.010  0.003  -7.927    -12  0.076
0.056  -0.046  -0.010  0.005  -7.729    -12  0.076
0.092  -0.035  -0.010  0.005  -7.747    -12  0.076
0.125  -0.008  -0.009  0.005  -7.266    -12  0.076
0.136  0.026  -0.007  0.004  -5.483    -10  0.063
0.152  0.058  -0.007  0.004  -5.268     -9  0.057
0.139  0.051  -0.009  0.003  -6.939     -6  0.038
0.104  0.048  -0.011  0.004  -8.741     -6  0.038
0.037  0.032  -0.015  0.005  -12.031     -6  0.038
-0.044  0.028  -0.017  0.007  -13.710     -5  0.032
-0.111  0.030  -0.019  0.007  -15.067     -6  0.038
-0.136  0.034  -0.017  0.007  -13.619     -6  0.038
-0.128  0.040  -0.013  0.007  -10.348     -6  0.038
-0.116  0.045  -0.013  0.007  -10.200     -8  0.051
-0.102  0.042  -0.014  0.005  -11.152     -9  0.057
-0.072  0.031  -0.015  0.005  -11.723    -11  0.070
-0.036  0.033  -0.016  0.008  -12.451    -11  0.070
-0.007  0.020  -0.016  0.007  -12.894    -11  0.070
0.035  0.006  -0.013  0.006  -10.161    -10  0.063
0.059  -0.001  -0.011  0.007  -8.834    -10  0.063
0.059  0.002  -0.012  0.007  -9.598    -10  0.063
0.053  0.012  -0.010  0.008  -7.951    -10  0.063
0.036  0.020  -0.012  0.008  -9.790    -10  0.063
0.033  0.047  -0.014  0.012  -11.009    -10  0.063
0.031  0.050  -0.014  0.009  -11.164    -10  0.063
0.025  0.021  -0.014  0.005  -10.817     -9  0.057
-0.003  -0.002  -0.017  0.006  -13.058    -10  0.063
-0.024  -0.007  -0.015  0.006  -11.530    -10  0.063
-0.025  -0.011  -0.010  0.007  -8.080    -10  0.063
0.017  -0.017  -0.005  0.007  -4.305    -11  0.070
0.049  -0.043  -0.008  0.003  -6.330    -11  0.070
0.072  -0.063  -0.008  0.003  -6.029     -6  0.038
0.092  -0.081  -0.010  0.002  -7.599     -6  0.038
0.083  -0.084  -0.012  0.003  -9.532     -6  0.038
0.058  -0.043  -0.013  0.006  -10.081     -5  0.032
0.033  -0.026  -0.012  0.004  -9.770     -6  0.038
-0.001  -0.023  -0.014  0.005  -11.133     -6  0.038
-0.050  -0.017  -0.013  0.005  -10.536     -6  0.038
-0.098  -0.024  -0.015  0.002  -11.789     -7  0.044
-0.105  -0.025  -0.013  0.001  -10.394     -8  0.051
-0.077  -0.014  -0.013  0.002  -10.477     -9  0.057
-0.054  -0.016  -0.013  0.003  -9.902     -9  0.057
-0.033  -0.004  -0.014  0.006  -11.313    -10  0.063
-0.002  0.021  -0.012  0.010  -9.086    -10  0.063
0.018  0.046  -0.011  0.010  -8.601    -10  0.063
0.030  0.068  -0.011  0.008  -8.917    -11  0.070
0.047  0.067  -0.011  0.006  -8.338    -10  0.063
0.040  0.074  -0.012  0.006  -9.633     -9  0.057
0.032  0.081  -0.013  0.007  -10.246     -9  0.057
0.040  0.068  -0.008  0.007  -6.522     -9  0.057
0.046  0.066  -0.009  0.011  -7.386     -8  0.051
0.049  0.052  -0.009  0.010  -7.081     -8  0.051
0.042  0.025  -0.011  0.008  -8.552     -8  0.051
0.022  0.003  -0.011  0.007  -8.249     -7  0.044
0.033  -0.014  -0.008  0.003  -6.104     -7  0.044
0.047  -0.034  -0.007  0.002  -5.734     -7  0.044
0.046  -0.059  -0.009  0.002  -6.717     -7  0.044
0.034  -0.077  -0.011  0.004  -8.602     -7  0.044
-0.007  -0.086  -0.014  0.004  -11.023     -7  0.044
-0.060  -0.095  -0.016  0.003  -12.245     -6  0.038
-0.071  -0.070  -0.015  0.008  -11.410     -7  0.044
-0.089  -0.011  -0.016  0.010  -12.301     -7  0.044
-0.092  0.037  -0.015  0.009  -11.410     -7  0.044
-0.106  0.065  -0.016  0.007  -12.180     -7  0.044
-0.114  0.080  -0.016  0.006  -12.392     -9  0.057
-0.093  0.067  -0.015  0.005  -11.844     -9  0.057
-0.048  0.048  -0.013  0.006  -10.077     -9  0.057
-0.007  0.027  -0.013  0.007  -10.241    -10  0.063
0.017  0.003  -0.014  0.005  -11.089    -10  0.063
0.035  -0.012  -0.012  0.006  -9.613    -10  0.063
0.040  -0.031  -0.012  0.007  -9.496    -11  0.070
0.042  -0.024  -0.013  0.007  -10.421    -10  0.063
0.032  -0.005  -0.014  0.007  -10.859    -10  0.063
0.036  -0.005  -0.012  0.004  -9.698    -10  0.063
0.024  -0.020  -0.014  0.003  -10.716     -9  0.057
0.017  -0.036  -0.012  0.003  -9.369     -9  0.057
0.014  -0.045  -0.011  0.004  -8.879     -9  0.057
0.028  -0.035  -0.010  0.006  -8.088     -9  0.057
0.031  -0.022  -0.011  0.006  -8.892     -9  0.057
0.023  -0.008  -0.012  0.008  -9.321     -9  0.057
-0.005  0.015  -0.017  0.009  -13.345    -10  0.063
-0.027  0.022  -0.017  0.005  -13.448     -9  0.057
-0.050  0.024  -0.017  0.004  -13.347     -9  0.057
-0.058  0.031  -0.014  0.005  -11.168     -9  0.057
-0.050  0.027  -0.013  0.006  -10.593     -9  0.057
-0.054  0.010  -0.014  0.005  -11.119     -9  0.057
-0.022  -0.025  -0.010  0.002  -7.784    -10  0.063
0.006  -0.044  -0.011  0.004  -8.654    -10  0.063
0.035  -0.045  -0.012  0.005  -9.553    -11  0.070
0.066  -0.064  -0.011  0.001  -8.354    -11  0.070
0.088  -0.075  -0.012  -0.001  -9.220    -11  0.070
0.090  -0.061  -0.009  0.001  -6.937    -11  0.070
0.085  -0.034  -0.009  0.006  -6.685    -10  0.063
0.053  -0.016  -0.012  0.006  -9.086     -9  0.057
0.018  -0.001  -0.014  0.005  -11.160     -9  0.057
-0.027  0.013  -0.017  0.004  -13.448     -9  0.057
-0.067  0.029  -0.016  0.004  -12.482     -8  0.051
-0.082  0.043  -0.017  0.007  -13.468     -8  0.051
-0.077  0.068  -0.014  0.008  -10.662     -9  0.057
-0.068  0.084  -0.012  0.007  -9.573     -9  0.057
-0.046  0.064  -0.012  0.005  -9.117    -10  0.063
-0.024  0.023  -0.010  0.004  -8.229    -10  0.063
0.023  -0.028  -0.009  0.001  -7.382    -10  0.063
0.072  -0.039  -0.009  0.002  -7.455    -10  0.063
0.095  -0.032  -0.011  0.005  -8.371    -10  0.063
0.084  -0.014  -0.013  0.007  -10.437    -10  0.063
0.034  -0.008  -0.016  0.007  -12.851     -8  0.051
-0.001  -0.010  -0.015  0.006  -11.889     -8  0.051
-0.054  0.008  -0.017  0.006  -13.045     -8  0.051
-0.083  0.038  -0.017  0.007  -13.051     -8  0.051
-0.091  0.058  -0.015  0.007  -11.897     -9  0.057
-0.085  0.065  -0.014  0.007  -10.940    -10  0.063
-0.060  0.062  -0.012  0.006  -9.718    -10  0.063
-0.034  0.022  -0.014  0.004  -10.981    -11  0.070
-0.006  -0.015  -0.014  0.004  -11.275    -10  0.063
0.028  -0.022  -0.013  0.007  -10.159    -10  0.063
0.055  -0.006  -0.011  0.008  -8.975    -10  0.063
0.058  0.020  -0.012  0.010  -9.213    -10  0.063
0.073  0.051  -0.010  0.013  -7.860    -10  0.063
0.057  0.058  -0.013  0.010  -9.930    -10  0.063
0.041  0.056  -0.012  0.008  -9.452     -9  0.057
0.011  0.041  -0.015  0.006  -11.958    -10  0.063
-0.017  0.042  -0.016  0.008  -12.789     -9  0.057
-0.035  0.034  -0.017  0.008  -13.208     -9  0.057
-0.050  -0.000  -0.015  0.006  -12.115    -10  0.063
-0.062  -0.037  -0.015  0.005  -11.504     -9  0.057
-0.069  -0.076  -0.016  0.003  -12.287    -10  0.063
-0.071  -0.087  -0.017  0.005  -13.243    -10  0.063
-0.069  -0.071  -0.017  0.007  -13.447    -10  0.063
-0.044  -0.032  -0.016  0.007  -12.597    -11  0.070
-0.010  -0.011  -0.013  0.007  -9.961    -12  0.076
0.049  -0.008  -0.009  0.005  -7.074    -11  0.070
0.078  -0.012  -0.010  0.006  -7.566    -11  0.070
0.096  0.000  -0.009  0.006  -7.320    -11  0.070
0.118  0.010  -0.007  0.005  -5.260    -11  0.070
0.130  0.013  -0.008  0.006  -6.222    -10  0.063
0.143  0.031  -0.007  0.009  -5.741    -10  0.063
0.125  0.030  -0.010  0.010  -7.872    -10  0.063
0.087  0.053  -0.011  0.012  -8.607     -9  0.057
0.036  0.066  -0.012  0.010  -9.241     -8  0.051
-0.012  0.066  -0.012  0.008  -9.079     -8  0.051
-0.041  0.063  -0.011  0.008  -8.743     -8  0.051
-0.059  0.058  -0.013  0.010  -10.567     -8  0.051
-0.078  0.044  -0.014  0.009  -10.803     -8  0.051
-0.085  0.011  -0.013  0.006  -10.101     -8  0.051
-0.063  -0.016  -0.012  0.008  -9.117     -8  0.051
-0.042  -0.046  -0.011  0.007  -8.787     -8  0.051
-0.002  -0.053  -0.009  0.007  -7.340     -8  0.051
0.017  -0.053  -0.010  0.007  -8.017     -8  0.051
0.025  -0.029  -0.011  0.008  -8.567     -9  0.057
0.033  -0.011  -0.010  0.009  -7.960     -9  0.057
0.048  -0.007  -0.009  0.008  -6.872     -9  0.057
0.058  -0.018  -0.010  0.005  -7.502     -9  0.057
0.046  -0.018  -0.010  0.005  -8.093     -9  0.057
-0.001  -0.011  -0.015  0.006  -12.095     -9  0.057
-0.040  -0.032  -0.016  0.004  -12.240     -9  0.057
-0.076  -0.035  -0.017  0.005  -13.311    -10  0.063
-0.093  -0.042  -0.015  0.005  -12.000    -10  0.063
-0.077  -0.056  -0.012  0.003  -9.691    -10  0.063
-0.073  -0.065  -0.014  0.003  -11.133    -10  0.063
-0.064  -0.055  -0.013  0.005  -10.327    -11  0.070
-0.035  -0.033  -0.011  0.005  -8.783    -11  0.070
0.004  -0.015  -0.011  0.004  -8.748    -11  0.070
0.043  -0.002  -0.011  0.006  -8.395    -12  0.076
0.078  0.010  -0.011  0.007  -8.326    -12  0.076
0.080  0.035  -0.011  0.008  -8.261    -11  0.070
0.062  0.032  -0.013  0.005  -9.992    -11  0.070
0.045  0.043  -0.010  0.007  -8.219    -10  0.063
0.043  0.063  -0.008  0.009  -6.633     -9  0.057
0.061  0.056  -0.007  0.007  -5.639     -9  0.057
0.047  0.062  -0.009  0.011  -7.371     -9  0.057
0.033  0.079  -0.010  0.012  -7.729     -8  0.051
0.022  0.090  -0.011  0.012  -8.572     -8  0.051
-0.004  0.080  -0.014  0.011  -10.713     -8  0.051
-0.010  0.062  -0.011  0.009  -8.738     -7  0.044
-0.007  0.039  -0.010  0.007  -7.634     -7  0.044
-0.018  0.030  -0.012  0.009  -9.441     -8  0.051
-0.039  0.013  -0.012  0.010  -9.070     -8  0.051
-0.031  0.015  -0.009  0.013  -7.003     -8  0.051
-0.041  0.001  -0.014  0.009  -11.209     -8  0.051
-0.040  -0.021  -0.015  0.009  -11.661     -8  0.051
-0.050  -0.049  -0.016  0.004  -12.384    -11  0.070
-0.047  -0.078  -0.014  0.001  -11.117    -11  0.070
-0.037  -0.091  -0.012  0.002  -9.776    -11  0.070
-0.027  -0.109  -0.010  0.001  -7.578    -11  0.070
-0.003  -0.121  -0.009  0.002  -7.324    -12  0.076
0.029  -0.114  -0.009  0.006  -7.232    -11  0.070
0.042  -0.087  -0.010  0.008  -7.612    -11  0.070
0.061  -0.048  -0.009  0.008  -6.912    -10  0.063
0.089  0.017  -0.010  0.009  -7.705     -9  0.057
0.081  0.063  -0.010  0.010  -7.728     -9  0.057
0.043  0.119  -0.014  0.011  -10.680     -9  0.057
0.016  0.131  -0.010  0.009  -8.097     -8  0.051
-0.009  0.118  -0.011  0.009  -8.484     -8  0.051
-0.025  0.090  -0.010  0.007  -8.212     -8  0.051
-0.022  0.035  -0.010  0.005  -8.089     -7  0.044
-0.023  -0.003  -0.011  0.007  -8.920     -8  0.051
-0.024  -0.023  -0.012  0.007  -9.485     -8  0.051
-0.029  -0.030  -0.013  0.007  -9.821     -8  0.051
-0.026  -0.046  -0.013  0.006  -10.213     -8  0.051
-0.012  -0.045  -0.011  0.008  -8.317     -8  0.051
-0.014  -0.036  -0.013  0.008  -10.508     -8  0.051
-0.026  -0.022  -0.012  0.006  -9.090     -8  0.051
-0.043  -0.017  -0.016  0.006  -12.427     -8  0.051
-0.043  -0.017  -0.016  0.006  -12.427     -8  0.051
-0.051  -0.004  -0.015  0.006  -11.662     -9  0.057
-0.056  0.012  -0.016  0.009  -12.234    -10  0.063
-0.048  0.005  -0.014  0.007  -11.313    -11  0.070
-0.038  0.001  -0.014  0.006  -10.716    -10  0.063
-0.027  -0.004  -0.013  0.006  -10.263    -10  0.063
-0.014  -0.025  -0.012  0.003  -9.738    -10  0.063
-0.020  -0.049  -0.015  0.003  -11.759    -10  0.063
-0.019  -0.061  -0.017  0.002  -13.570    -10  0.063
-0.032  -0.045  -0.018  0.006  -13.769    -10  0.063
-0.012  -0.020  -0.015  0.009  -11.712    -10  0.063
-0.012  -0.020  -0.015  0.009  -11.712    -10  0.063
-0.006  -0.005  -0.013  0.008  -10.077    -10  0.063
-0.006  -0.005  -0.013  0.008  -10.077    -10  0.063
0.003  0.016  -0.013  0.009  -10.092    -11  0.070
0.003  0.016  -0.013  0.009  -10.092    -11  0.070
0.001  0.052  -0.014  0.009  -10.646    -11  0.070
0.001  0.052  -0.014  0.009  -10.646    -11  0.070
-0.005  0.073  -0.015  0.009  -11.958    -11  0.070
-0.005  0.073  -0.015  0.009  -11.958    -11  0.070
-0.012  0.074  -0.017  0.007  -12.988    -11  0.070
-0.007  0.066  -0.016  0.006  -12.371    -12  0.076
0.007  0.043  -0.015  0.007  -12.061    -12  0.076
0.007  0.043  -0.015  0.007  -12.061    -12  0.076
0.019  0.010  -0.013  0.006  -10.477    -12  0.076
0.019  0.010  -0.013  0.006  -10.477    -12  0.076
0.020  -0.019  -0.012  0.008  -9.533    -11  0.070
0.020  -0.019  -0.012  0.008  -9.533    -11  0.070
0.019  -0.029  -0.011  0.008  -8.720    -10  0.063
0.019  -0.029  -0.011  0.008  -8.720    -10  0.063
0.024  -0.026  -0.012  0.007  -9.345    -10  0.063
0.039  -0.027  -0.012  0.006  -9.579     -9  0.057
0.039  -0.027  -0.012  0.006  -9.579     -9  0.057
0.046  -0.021  -0.013  0.006  -10.457     -9  0.057
0.046  -0.021  -0.013  0.006  -10.457     -9  0.057
0.061  -0.005  -0.011  0.007  -8.766     -9  0.057
0.061  -0.005  -0.011  0.007  -8.766     -9  0.057
0.056  0.006  -0.012  0.007  -9.634     -9  0.057
0.056  0.006  -0.012  0.007  -9.634     -9  0.057
0.033  -0.003  -0.013  0.005  -10.351     -9  0.057
0.018  -0.019  -0.012  0.005  -9.475     -9  0.057
-0.011  -0.023  -0.014  0.005  -11.144    -10  0.063
-0.028  -0.026  -0.014  0.006  -11.361    -10  0.063
-0.033  -0.004  -0.014  0.009  -10.913    -10  0.063
-0.030  0.011  -0.014  0.008  -11.111    -10  0.063
-0.042  0.018  -0.016  0.008  -12.760    -11  0.070
-0.042  0.017  -0.015  0.007  -11.656    -11  0.070
-0.037  0.011  -0.013  0.006  -10.349    -11  0.070
0.007  -0.008  -0.009  0.002  -6.882    -11  0.070
0.007  -0.008  -0.009  0.002  -6.882    -11  0.070
0.052  -0.023  -0.007  0.003  -5.250    -11  0.070
0.052  -0.023  -0.007  0.003  -5.250    -11  0.070
0.093  -0.047  -0.005  0.002  -4.238    -11  0.070
0.093  -0.047  -0.005  0.002  -4.238    -11  0.070
0.120  -0.068  -0.008  0.003  -5.892    -10  0.063
0.120  -0.068  -0.008  0.003  -5.892    -10  0.063
0.114  -0.070  -0.010  0.005  -7.736     -8  0.051
0.093  -0.055  -0.011  0.007  -8.930     -7  0.044
0.105  -0.030  -0.006  0.006  -4.376     -7  0.044
0.105  -0.030  -0.006  0.006  -4.376     -7  0.044
0.104  0.008  -0.006  0.008  -4.622     -6  0.038
0.104  0.008  -0.006  0.008  -4.622     -6  0.038
0.077  0.043  -0.006  0.008  -5.061     -6  0.038
0.077  0.043  -0.006  0.008  -5.061     -6  0.038
0.031  0.072  -0.009  0.009  -7.341     -6  0.038
0.031  0.072  -0.009  0.009  -7.341     -6  0.038
-0.014  0.086  -0.010  0.007  -7.850     -6  0.038
-0.040  0.067  -0.011  0.006  -8.999     -6  0.038
-0.040  0.067  -0.011  0.006  -8.999     -6  0.038
-0.046  0.036  -0.011  0.004  -8.557     -6  0.038
-0.046  0.036  -0.011  0.004  -8.557     -6  0.038
-0.028  0.002  -0.009  0.004  -7.261     -6  0.038
-0.028  0.002  -0.009  0.004  -7.261     -6  0.038
-0.015  -0.024  -0.008  0.005  -6.380     -6  0.038
-0.015  -0.024  -0.008  0.005  -6.380     -6  0.038
-0.023  -0.029  -0.009  0.007  -7.245     -6  0.038
-0.023  -0.029  -0.009  0.007  -7.245     -6  0.038
-0.048  -0.024  -0.010  0.007  -8.052     -6  0.038
-0.038  -0.035  -0.011  0.005  -8.550     -6  0.038
-0.020  -0.024  -0.010  0.006  -7.979     -8  0.051
-0.019  -0.008  -0.013  0.006  -10.372     -8  0.051
-0.020  0.018  -0.012  0.007  -9.045     -8  0.051
-0.043  0.039  -0.015  0.008  -11.815     -8  0.051
-0.058  0.051  -0.013  0.008  -10.143     -8  0.051
-0.036  0.054  -0.007  0.009  -5.845     -8  0.051
-0.003  0.039  -0.007  0.007  -5.171     -8  0.051
0.025  0.021  -0.008  0.006  -6.647     -9  0.057
0.032  0.007  -0.011  0.005  -8.540     -9  0.057
0.032  0.007  -0.011  0.005  -8.540     -9  0.057
0.017  -0.003  -0.014  0.005  -10.869     -8  0.051
0.017  -0.003  -0.014  0.005  -10.869     -8  0.051
-0.001  0.000  -0.014  0.009  -11.124     -8  0.051
0.003  0.021  -0.012  0.012  -9.474     -8  0.051
0.003  0.021  -0.012  0.012  -9.474     -8  0.051
0.019  0.057  -0.006  0.016  -5.102     -9  0.057
0.019  0.057  -0.006  0.016  -5.102     -9  0.057
0.023  0.091  -0.009  0.016  -7.292     -9  0.057
0.023  0.091  -0.009  0.016  -7.292     -9  0.057
-0.019  0.093  -0.013  0.011  -10.093     -9  0.057
-0.019  0.093  -0.013  0.011  -10.093     -9  0.057
-0.045  0.087  -0.012  0.010  -9.508     -8  0.051
-0.045  0.087  -0.012  0.010  -9.508     -8  0.051
-0.033  0.082  -0.012  0.009  -9.248     -8  0.051
-0.019  0.067  -0.013  0.010  -10.518     -8  0.051
0.005  0.056  -0.011  0.013  -8.262     -9  0.057
0.005  0.056  -0.011  0.013  -8.262     -9  0.057
0.040  0.033  -0.006  0.013  -4.922     -9  0.057
0.040  0.033  -0.006  0.013  -4.922     -9  0.057
0.066  0.002  -0.003  0.013  -2.744     -9  0.057
0.066  0.002  -0.003  0.013  -2.744     -9  0.057
0.068  -0.041  -0.005  0.008  -3.955     -8  0.051
0.068  -0.041  -0.005  0.008  -3.955     -8  0.051
0.060  -0.087  -0.008  0.003  -5.989     -7  0.044
0.078  -0.117  -0.009  0.000  -6.940     -6  0.038
0.063  -0.121  -0.012  0.001  -9.255     -5  0.032
0.029  -0.130  -0.011  0.004  -8.781     -6  0.038
-0.001  -0.123  -0.011  0.006  -8.756     -6  0.038
-0.021  -0.107  -0.010  0.008  -7.539     -6  0.038
-0.051  -0.076  -0.009  0.010  -7.171     -7  0.044
-0.080  -0.030  -0.011  0.009  -8.939     -7  0.044
-0.090  0.027  -0.013  0.009  -10.470     -8  0.051
-0.082  0.094  -0.015  0.010  -11.605     -8  0.051
-0.082  0.094  -0.015  0.010  -11.605     -8  0.051
-0.063  0.128  -0.013  0.010  -10.585     -8  0.051
-0.063  0.128  -0.013  0.010  -10.585     -8  0.051
-0.063  0.128  -0.013  0.010  -10.585     -8  0.051
-0.050  0.132  -0.013  0.011  -10.175     -8  0.051
-0.036  0.109  -0.013  0.011  -9.819     -8  0.051
-0.057  0.067  -0.016  0.009  -12.463     -8  0.051
-0.057  0.067  -0.016  0.009  -12.463     -8  0.051
-0.070  0.029  -0.016  0.008  -12.408     -8  0.051
-0.070  0.029  -0.016  0.008  -12.408     -8  0.051
-0.075  0.008  -0.016  0.009  -12.232     -8  0.051
-0.075  0.008  -0.016  0.009  -12.232     -8  0.051
-0.056  -0.018  -0.014  0.007  -10.981     -9  0.057
-0.056  -0.018  -0.014  0.007  -10.981     -9  0.057
-0.005  -0.036  -0.010  0.006  -7.693    -11  0.070
0.053  -0.056  -0.006  0.006  -4.813    -11  0.070
0.083  -0.066  -0.008  0.007  -5.927    -11  0.070
0.083  -0.066  -0.008  0.007  -5.927    -11  0.070
0.091  -0.089  -0.009  0.002  -6.686    -10  0.063
0.091  -0.089  -0.009  0.002  -6.686    -10  0.063
0.091  -0.089  -0.009  0.002  -6.686    -10  0.063
0.091  -0.098  -0.010  0.004  -8.100     -8  0.051
0.085  -0.096  -0.011  0.003  -8.761     -7  0.044
0.085  -0.096  -0.011  0.003  -8.761     -7  0.044
0.073  -0.088  -0.013  0.002  -9.967     -7  0.044
0.073  -0.088  -0.013  0.002  -9.967     -7  0.044
0.037  -0.088  -0.013  0.002  -10.023     -8  0.051
0.004  -0.084  -0.012  0.002  -9.191     -9  0.057
0.004  -0.084  -0.012  0.002  -9.191     -9  0.057
-0.044  -0.061  -0.014  0.003  -10.764     -9  0.057
-0.092  -0.041  -0.015  0.004  -12.022     -9  0.057
-0.124  -0.031  -0.018  0.003  -14.050     -9  0.057
-0.141  -0.012  -0.021  0.004  -16.642     -9  0.057
-0.147  0.015  -0.021  0.004  -16.160     -9  0.057
-0.135  0.028  -0.019  0.006  -14.703    -11  0.070
-0.115  0.045  -0.017  0.006  -13.659    -12  0.076
-0.058  0.061  -0.011  0.007  -8.768    -13  0.082
0.014  0.051  -0.007  0.004  -5.301    -13  0.082
0.095  0.035  -0.004  0.004  -3.004    -14  0.089
0.188  0.017  -0.001  0.004  -0.936    -13  0.082
0.251  0.014  -0.002  0.006  -1.573    -12  0.076
0.251  0.014  -0.002  0.006  -1.573    -12  0.076
0.276  0.011  -0.005  0.005  -3.569    -10  0.063
0.276  0.011  -0.005  0.005  -3.569    -10  0.063
0.259  -0.000  -0.007  0.005  -5.127     -9  0.057
0.259  -0.000  -0.007  0.005  -5.127     -9  0.057
0.210  0.010  -0.006  0.008  -4.724     -7  0.044
0.210  0.010  -0.006  0.008  -4.724     -7  0.044
0.157  0.018  -0.004  0.008  -3.428     -6  0.038
0.099  0.038  -0.004  0.009  -3.261     -5  0.032
0.099  0.038  -0.004  0.009  -3.261     -5  0.032
0.013  0.040  -0.008  0.006  -6.236     -5  0.032
0.013  0.040  -0.008  0.006  -6.236     -5  0.032
-0.046  0.054  -0.009  0.007  -6.731     -4  0.025
-0.046  0.054  -0.009  0.007  -6.731     -4  0.025
-0.080  0.042  -0.009  0.006  -7.181     -4  0.025
-0.080  0.042  -0.009  0.006  -7.181     -4  0.025
-0.107  0.024  -0.012  0.006  -9.234     -4  0.025
-0.107  0.024  -0.012  0.006  -9.234     -4  0.025
-0.105  0.017  -0.012  0.008  -9.076     -5  0.032
-0.110  0.025  -0.014  0.009  -10.830     -6  0.038
-0.103  0.022  -0.011  0.009  -8.614     -8  0.051
-0.103  0.022  -0.011  0.009  -8.614     -8  0.051
-0.088  0.014  -0.009  0.009  -6.693     -8  0.051
-0.088  0.014  -0.009  0.009  -6.693     -8  0.051
-0.056  0.029  -0.006  0.010  -5.081     -8  0.051
-0.026  0.046  -0.009  0.010  -7.011     -8  0.051
-0.007  0.055  -0.012  0.009  -9.414     -5  0.032
-0.022  0.061  -0.015  0.012  -11.867     -6  0.038
-0.046  0.063  -0.017  0.011  -13.546     -6  0.038
-0.049  0.040  -0.015  0.009  -11.493     -6  0.038
-0.050  0.002  -0.012  0.007  -9.695     -7  0.044
-0.049  -0.025  -0.012  0.006  -9.622     -8  0.051
-0.049  -0.025  -0.012  0.006  -9.622     -8  0.051
-0.071  -0.045  -0.014  0.005  -10.777     -9  0.057
-0.081  -0.065  -0.015  0.005  -11.784     -9  0.057
-0.068  -0.073  -0.015  0.007  -11.605     -9  0.057
-0.068  -0.073  -0.015  0.007  -11.605     -9  0.057
-0.035  -0.064  -0.015  0.008  -11.762     -9  0.057
-0.035  -0.064  -0.015  0.008  -11.762     -9  0.057
-0.007  -0.039  -0.015  0.010  -11.426     -9  0.057
-0.007  -0.039  -0.015  0.010  -11.426     -9  0.057
0.011  -0.023  -0.014  0.009  -10.777     -9  0.057
0.011  -0.023  -0.014  0.009  -10.777     -9  0.057
0.010  0.013  -0.014  0.010  -10.820     -9  0.057
-0.009  0.045  -0.014  0.010  -10.911    -10  0.063
-0.006  0.039  -0.013  0.006  -10.045    -10  0.063
-0.006  0.039  -0.013  0.006  -10.045    -10  0.063
0.023  0.014  -0.010  0.004  -8.174    -10  0.063
0.023  0.014  -0.010  0.004  -8.174    -10  0.063
0.062  -0.013  -0.008  0.003  -6.629    -11  0.070
0.062  -0.013  -0.008  0.003  -6.629    -11  0.070
0.094  -0.029  -0.007  0.006  -5.519    -11  0.070
0.094  -0.029  -0.007  0.006  -5.519    -11  0.070
0.091  -0.052  -0.010  0.005  -8.221     -9  0.057
0.083  -0.069  -0.011  0.005  -8.346     -8  0.051
0.083  -0.069  -0.011  0.005  -8.346     -8  0.051
0.059  -0.087  -0.012  0.003  -9.699     -8  0.051
0.059  -0.087  -0.012  0.003  -9.699     -8  0.051
0.033  -0.078  -0.013  0.004  -10.021     -8  0.051
0.033  -0.078  -0.013  0.004  -10.021     -8  0.051
0.011  -0.063  -0.013  0.004  -9.888     -8  0.051
0.011  -0.063  -0.013  0.004  -9.888     -8  0.051
-0.003  -0.041  -0.011  0.004  -8.676     -9  0.057
-0.038  -0.007  -0.014  0.005  -10.941     -9  0.057
-0.059  0.015  -0.013  0.007  -10.088     -8  0.051
-0.082  0.033  -0.016  0.008  -12.638     -8  0.051
-0.091  0.034  -0.017  0.007  -13.317     -8  0.051
-0.066  0.058  -0.015  0.009  -11.514     -8  0.051
-0.058  0.072  -0.015  0.008  -11.692     -8  0.051
-0.029  0.074  -0.012  0.008  -9.226     -9  0.057
-0.004  0.059  -0.011  0.007  -8.485     -9  0.057
0.026  0.030  -0.009  0.005  -7.115    -10  0.063
0.026  0.030  -0.009  0.005  -7.115    -10  0.063
0.060  0.005  -0.008  0.005  -6.179    -10  0.063
0.060  0.005  -0.008  0.005  -6.179    -10  0.063
0.090  -0.007  -0.009  0.008  -7.401    -10  0.063
0.090  -0.007  -0.009  0.008  -7.401    -10  0.063
0.097  -0.021  -0.010  0.007  -7.586     -9  0.057
0.096  -0.013  -0.012  0.009  -9.099     -9  0.057
0.072  0.006  -0.011  0.009  -9.029     -8  0.051
0.072  0.006  -0.011  0.009  -9.029     -8  0.051
0.041  0.015  -0.011  0.009  -8.421     -8  0.051
0.041  0.015  -0.011  0.009  -8.421     -8  0.051
0.010  0.014  -0.012  0.006  -9.665     -7  0.044
0.010  0.014  -0.012  0.006  -9.665     -7  0.044
-0.034  0.015  -0.014  0.007  -10.740     -8  0.051
-0.034  0.015  -0.014  0.007  -10.740     -8  0.051
-0.051  0.025  -0.013  0.008  -9.891     -7  0.044
-0.051  0.025  -0.013  0.008  -9.891     -7  0.044
-0.062  0.026  -0.013  0.007  -10.131     -8  0.051
-0.044  0.002  -0.010  0.006  -7.977     -9  0.057
-0.044  0.002  -0.010  0.006  -7.977     -9  0.057
-0.041  -0.014  -0.015  0.008  -11.463    -10  0.063
-0.041  -0.014  -0.015  0.008  -11.463    -10  0.063
-0.042  -0.011  -0.015  0.008  -11.467    -10  0.063
-0.042  -0.011  -0.015  0.008  -11.467    -10  0.063
-0.039  -0.007  -0.015  0.009  -11.616     -9  0.057
-0.039  -0.007  -0.015  0.009  -11.616     -9  0.057
-0.034  -0.003  -0.013  0.008  -10.277     -9  0.057
-0.034  -0.003  -0.013  0.008  -10.277     -9  0.057
-0.016  0.000  -0.011  0.006  -8.794    -10  0.063
0.012  -0.004  -0.010  0.004  -8.106    -10  0.063
0.027  0.002  -0.011  0.009  -8.320     -9  0.057
0.029  0.003  -0.011  0.009  -8.623     -9  0.057
0.037  0.021  -0.011  0.010  -8.369     -9  0.057
0.049  0.033  -0.009  0.010  -7.160     -8  0.051
0.093  0.019  -0.006  0.007  -4.845     -9  0.057
0.088  0.012  -0.009  0.008  -6.677     -9  0.057
0.077  0.013  -0.008  0.008  -6.653     -9  0.057
0.056  0.002  -0.009  0.005  -6.879     -8  0.051
0.056  0.002  -0.009  0.005  -6.879     -8  0.051
0.028  -0.007  -0.011  0.006  -8.416     -7  0.044
0.028  -0.007  -0.011  0.006  -8.416     -7  0.044
0.018  -0.018  -0.009  0.007  -7.428     -7  0.044
0.004  -0.039  -0.011  0.008  -8.503     -6  0.038
-0.024  -0.032  -0.013  0.007  -10.283     -6  0.038
-0.024  -0.032  -0.013  0.007  -10.283     -6  0.038
-0.051  -0.045  -0.013  0.005  -10.183     -6  0.038
-0.051  -0.045  -0.013  0.005  -10.183     -6  0.038
-0.073  -0.033  -0.013  0.007  -10.026     -6  0.038
-0.073  -0.033  -0.013  0.007  -10.026     -6  0.038
-0.066  -0.011  -0.010  0.007  -7.824     -7  0.044
-0.066  -0.011  -0.010  0.007  -7.824     -7  0.044
-0.042  0.001  -0.011  0.008  -8.443     -9  0.057
-0.047  0.020  -0.014  0.009  -10.985    -10  0.063
-0.047  0.020  -0.014  0.009  -10.985    -10  0.063
-0.037  0.035  -0.012  0.008  -9.781    -10  0.063
-0.037  0.035  -0.012  0.008  -9.781    -10  0.063
-0.020  0.015  -0.012  0.006  -9.048     -9  0.057
-0.004  -0.006  -0.010  0.004  -7.957     -9  0.057
-0.004  -0.006  -0.010  0.004  -7.957     -9  0.057
0.024  0.002  -0.009  0.009  -7.327     -9  0.057
0.024  0.002  -0.009  0.009  -7.327     -9  0.057
0.057  0.005  -0.007  0.007  -5.241     -8  0.051
0.072  0.006  -0.006  0.007  -4.992     -8  0.051
0.072  0.006  -0.006  0.007  -4.992     -8  0.051
0.052  -0.014  -0.011  0.006  -8.933     -8  0.051
0.016  -0.013  -0.014  0.008  -11.124     -7  0.044
-0.018  -0.009  -0.017  0.008  -13.606     -8  0.051
-0.039  0.016  -0.016  0.011  -12.269     -8  0.051
-0.080  0.033  -0.016  0.008  -12.748     -8  0.051
-0.085  0.044  -0.012  0.009  -9.464     -9  0.057
-0.069  0.039  -0.010  0.008  -7.497    -10  0.063
-0.044  0.012  -0.009  0.007  -7.238    -10  0.063
-0.016  -0.002  -0.010  0.005  -7.478    -10  0.063
-0.016  -0.002  -0.010  0.005  -7.478    -10  0.063
0.025  -0.009  -0.010  0.007  -8.104    -10  0.063
0.025  -0.009  -0.010  0.007  -8.104    -10  0.063
0.077  -0.016  -0.010  0.007  -7.591     -9  0.057
0.109  -0.027  -0.008  0.008  -5.955     -8  0.051
0.109  -0.027  -0.008  0.008  -5.955     -8  0.051
0.114  -0.020  -0.008  0.009  -6.639     -8  0.051
0.114  -0.020  -0.008  0.009  -6.639     -8  0.051
0.085  -0.024  -0.009  0.007  -7.349     -8  0.051
0.051  -0.031  -0.011  0.003  -8.425     -7  0.044
0.051  -0.031  -0.011  0.003  -8.425     -7  0.044
0.004  -0.043  -0.011  0.003  -9.008     -7  0.044
0.004  -0.043  -0.011  0.003  -9.008     -7  0.044
-0.018  -0.025  -0.011  0.007  -8.552     -7  0.044
-0.020  0.014  -0.010  0.011  -8.011     -8  0.051
-0.020  0.014  -0.010  0.011  -8.011     -8  0.051
-0.015  0.027  -0.010  0.009  -7.505     -8  0.051
-0.015  0.027  -0.010  0.009  -7.505     -8  0.051
-0.004  0.030  -0.008  0.010  -6.514     -8  0.051
-0.004  0.030  -0.008  0.010  -6.514     -8  0.051
0.003  0.031  -0.008  0.008  -6.003     -7  0.044
0.003  0.031  -0.008  0.008  -6.003     -7  0.044
0.009  0.023  -0.008  0.006  -6.358     -6  0.038
0.009  0.023  -0.008  0.006  -6.358     -6  0.038
0.025  0.017  -0.008  0.006  -6.659     -6  0.038
0.029  0.025  -0.010  0.007  -7.763     -6  0.038
0.021  0.011  -0.011  0.005  -8.718     -6  0.038
0.021  0.011  -0.011  0.005  -8.718     -6  0.038
0.006  -0.030  -0.011  0.004  -8.686     -7  0.044
-0.024  -0.053  -0.013  0.008  -9.988     -7  0.044
-0.040  -0.048  -0.011  0.009  -9.005     -9  0.057
-0.057  -0.019  -0.012  0.008  -9.764     -9  0.057
-0.064  0.005  -0.012  0.009  -9.385     -9  0.057
-0.055  0.025  -0.011  0.007  -8.630     -8  0.051
-0.037  0.030  -0.011  0.007  -8.474     -8  0.051
-0.017  0.025  -0.011  0.007  -8.362     -8  0.051
-0.017  0.025  -0.011  0.007  -8.362     -8  0.051
-0.010  0.021  -0.013  0.007  -10.123     -8  0.051
-0.008  0.019  -0.013  0.007  -10.133     -8  0.051
-0.037  0.000  -0.018  0.006  -13.850     -8  0.051
-0.037  0.000  -0.018  0.006  -13.850     -8  0.051
-0.058  -0.030  -0.017  0.005  -13.715     -9  0.057
-0.058  -0.030  -0.017  0.005  -13.715     -9  0.057
-0.086  -0.038  -0.018  0.006  -14.204     -9  0.057
-0.086  -0.038  -0.018  0.006  -14.204     -9  0.057
-0.101  -0.028  -0.018  0.007  -14.369    -10  0.063
-0.101  -0.028  -0.018  0.007  -14.369    -10  0.063
-0.111  -0.011  -0.018  0.009  -13.857    -11  0.070
-0.111  -0.011  -0.018  0.009  -13.857    -11  0.070
-0.097  0.029  -0.015  0.011  -11.820    -12  0.076
-0.065  0.060  -0.014  0.013  -10.786    -13  0.082
-0.031  0.077  -0.014  0.012  -11.021    -12  0.076
-0.031  0.077  -0.014  0.012  -11.021    -12  0.076
0.019  0.089  -0.012  0.012  -9.517    -12  0.076
0.019  0.089  -0.012  0.012  -9.517    -12  0.076
0.065  0.094  -0.010  0.011  -8.200    -11  0.070
0.065  0.094  -0.010  0.011  -8.200    -11  0.070
0.089  0.077  -0.014  0.009  -10.790    -11  0.070
0.089  0.077  -0.014  0.009  -10.790    -11  0.070
0.069  0.046  -0.016  0.007  -12.520    -10  0.063
0.054  0.001  -0.015  0.006  -11.807    -10  0.063
0.054  0.001  -0.015  0.006  -11.807    -10  0.063
0.022  -0.044  -0.017  0.006  -13.161    -10  0.063
0.022  -0.044  -0.017  0.006  -13.161    -10  0.063
-0.005  -0.076  -0.015  0.006  -12.020    -10  0.063
-0.005  -0.076  -0.015  0.006  -12.020    -10  0.063
-0.022  -0.105  -0.014  0.005  -10.946    -10  0.063
-0.025  -0.116  -0.014  0.004  -10.724    -11  0.070
-0.026  -0.103  -0.015  0.005  -11.416    -10  0.063
-0.018  -0.082  -0.013  0.006  -10.178    -10  0.063
-0.004  -0.047  -0.014  0.007  -10.881    -10  0.063
0.029  -0.026  -0.013  0.005  -10.094     -9  0.057
0.033  -0.012  -0.015  0.005  -11.436     -9  0.057
0.010  -0.011  -0.017  0.004  -13.112     -9  0.057
-0.001  -0.013  -0.016  0.004  -12.633     -9  0.057
-0.023  -0.011  -0.016  0.005  -12.507    -10  0.063
-0.018  0.014  -0.013  0.008  -10.099    -11  0.070
-0.018  0.014  -0.013  0.008  -10.099    -11  0.070
0.007  0.031  -0.010  0.009  -8.136    -11  0.070
0.007  0.031  -0.010  0.009  -8.136    -11  0.070
0.021  0.043  -0.012  0.010  -9.427    -11  0.070
0.021  0.043  -0.012  0.010  -9.427    -11  0.070
0.012  0.055  -0.015  0.010  -11.556    -10  0.063
0.022  0.068  -0.013  0.010  -10.479    -10  0.063
0.022  0.084  -0.014  0.009  -11.048    -10  0.063
0.022  0.084  -0.014  0.009  -11.048    -10  0.063
0.046  0.066  -0.011  0.007  -8.657    -11  0.070
0.046  0.066  -0.011  0.007  -8.657    -11  0.070
0.071  0.050  -0.008  0.007  -6.636    -11  0.070
0.071  0.050  -0.008  0.007  -6.636    -11  0.070
0.084  0.013  -0.007  0.005  -5.253    -11  0.070
0.084  0.013  -0.007  0.005  -5.253    -11  0.070
0.081  -0.037  -0.008  0.003  -6.633    -10  0.063
0.068  -0.079  -0.009  0.003  -6.850     -9  0.057
0.068  -0.079  -0.009  0.003  -6.850     -9  0.057
0.054  -0.092  -0.011  0.004  -8.782     -8  0.051
0.054  -0.092  -0.011  0.004  -8.782     -8  0.051
0.045  -0.100  -0.013  0.003  -10.185     -7  0.044
0.045  -0.100  -0.013  0.003  -10.185     -7  0.044
0.009  -0.081  -0.016  0.006  -12.752     -7  0.044
-0.053  -0.048  -0.018  0.008  -14.437     -7  0.044
-0.053  -0.048  -0.018  0.008  -14.437     -7  0.044
-0.053  -0.048  -0.018  0.008  -14.437     -7  0.044
-0.085  -0.006  -0.016  0.009  -12.223     -8  0.051
-0.110  0.033  -0.014  0.008  -10.865     -9  0.057
-0.096  0.054  -0.011  0.008  -8.266    -11  0.070
-0.077  0.055  -0.013  0.004  -10.089    -11  0.070
-0.049  0.056  -0.014  0.007  -11.105    -11  0.070
-0.010  0.036  -0.011  0.006  -8.990    -11  0.070
0.044  0.034  -0.009  0.009  -7.265    -11  0.070
0.085  0.024  -0.009  0.008  -6.742    -11  0.070
0.101  0.004  -0.010  0.008  -8.240    -11  0.070
0.080  -0.004  -0.012  0.007  -9.727    -10  0.063
0.031  -0.004  -0.014  0.007  -11.096     -9  0.057
0.031  -0.004  -0.014  0.007  -11.096     -9  0.057
-0.029  0.003  -0.018  0.007  -14.436     -9  0.057
-0.029  0.003  -0.018  0.007  -14.436     -9  0.057
-0.051  -0.001  -0.014  0.005  -11.377     -9  0.057
-0.049  -0.011  -0.014  0.004  -11.291    -10  0.063
-0.049  -0.011  -0.014  0.004  -11.291    -10  0.063
-0.058  -0.023  -0.014  0.007  -11.215    -10  0.063
-0.058  -0.023  -0.014  0.007  -11.215    -10  0.063
-0.074  -0.021  -0.014  0.007  -11.187    -11  0.070
-0.074  -0.008  -0.015  0.010  -11.485    -11  0.070
-0.074  -0.008  -0.015  0.010  -11.485    -11  0.070
-0.049  0.004  -0.014  0.007  -10.672    -11  0.070
-0.049  0.004  -0.014  0.007  -10.672    -11  0.070
-0.049  0.004  -0.014  0.007  -10.672    -11  0.070
-0.003  -0.004  -0.012  0.005  -9.085    -10  0.063
0.031  -0.020  -0.012  0.003  -9.359    -10  0.063
0.053  -0.031  -0.012  0.003  -9.416    -10  0.063
0.053  -0.031  -0.012  0.003  -9.416    -10  0.063
0.070  -0.041  -0.011  0.003  -8.519    -10  0.063
0.070  -0.041  -0.011  0.003  -8.519    -10  0.063
0.060  -0.034  -0.010  0.005  -7.672    -10  0.063
0.060  -0.034  -0.010  0.005  -7.672    -10  0.063
0.076  -0.036  -0.008  0.005  -6.419    -10  0.063
0.076  -0.036  -0.008  0.005  -6.419    -10  0.063
0.092  -0.047  -0.007  0.005  -5.458     -9  0.057
0.085  -0.040  -0.010  0.005  -7.657     -9  0.057
0.070  -0.034  -0.010  0.004  -8.028     -8  0.051
0.046  0.001  -0.011  0.005  -8.294     -8  0.051
0.010  0.038  -0.013  0.008  -10.313     -8  0.051
-0.006  0.066  -0.012  0.009  -9.241     -8  0.051
-0.003  0.076  -0.008  0.010  -6.495     -7  0.044
-0.020  0.074  -0.011  0.008  -8.479     -8  0.051
-0.032  0.038  -0.011  0.004  -8.780     -8  0.051
-0.040  0.026  -0.012  0.005  -9.267     -8  0.051
-0.040  0.026  -0.012  0.005  -9.267     -8  0.051
-0.036  0.016  -0.012  0.006  -9.431     -7  0.044
-0.036  0.016  -0.012  0.006  -9.431     -7  0.044
-0.015  0.011  -0.011  0.007  -8.929     -7  0.044
-0.015  0.011  -0.011  0.007  -8.929     -7  0.044
-0.012  -0.002  -0.012  0.006  -9.324     -7  0.044
-0.013  -0.030  -0.013  0.005  -9.831     -7  0.044
-0.013  -0.030  -0.013  0.005  -9.831     -7  0.044
-0.015  -0.041  -0.013  0.007  -9.973     -8  0.051
-0.015  -0.041  -0.013  0.007  -9.973     -8  0.051
-0.048  -0.040  -0.016  0.006  -12.194     -8  0.051
-0.080  -0.023  -0.017  0.006  -13.682     -9  0.057
-0.080  -0.023  -0.017  0.006  -13.682     -9  0.057
-0.080  -0.023  -0.017  0.006  -13.682     -9  0.057
-0.069  0.001  -0.015  0.007  -12.050     -9  0.057
-0.069  0.001  -0.015  0.007  -12.050     -9  0.057
-0.065  0.022  -0.015  0.007  -11.695    -11  0.070
-0.043  0.016  -0.012  0.007  -9.386    -12  0.076
-0.031  0.009  -0.013  0.006  -10.426    -12  0.076
-0.031  0.009  -0.013  0.006  -10.426    -12  0.076
-0.005  -0.005  -0.011  0.004  -8.390    -11  0.070
-0.005  -0.005  -0.011  0.004  -8.390    -11  0.070
0.035  -0.009  -0.009  0.005  -6.992    -11  0.070
0.035  -0.009  -0.009  0.005  -6.992    -11  0.070
0.057  -0.020  -0.011  0.004  -8.512    -10  0.063
0.057  -0.020  -0.011  0.004  -8.512    -10  0.063
0.087  -0.031  -0.009  0.005  -6.738     -9  0.057
0.116  -0.027  -0.008  0.005  -5.971     -8  0.051
0.100  -0.027  -0.011  0.005  -8.751     -7  0.044
0.071  -0.017  -0.010  0.006  -8.229     -7  0.044
0.047  0.009  -0.010  0.009  -8.195     -8  0.051
0.022  0.025  -0.010  0.007  -8.098     -8  0.051
0.026  0.066  -0.008  0.011  -6.075     -8  0.051
0.008  0.100  -0.009  0.012  -7.265     -8  0.051
-0.011  0.105  -0.012  0.011  -9.317     -8  0.051
-0.033  0.090  -0.015  0.008  -11.405     -8  0.051
-0.033  0.090  -0.015  0.008  -11.405     -8  0.051
-0.044  0.069  -0.012  0.008  -9.037     -8  0.051
-0.044  0.069  -0.012  0.008  -9.037     -8  0.051
-0.028  0.031  -0.010  0.005  -7.491     -8  0.051
0.018  -0.015  -0.006  0.003  -4.453     -9  0.057
0.037  -0.054  -0.006  0.004  -4.473     -9  0.057
0.037  -0.054  -0.006  0.004  -4.473     -9  0.057
0.049  -0.098  -0.007  0.002  -5.296     -8  0.051
0.049  -0.098  -0.007  0.002  -5.296     -8  0.051
0.048  -0.112  -0.008  0.003  -6.556     -8  0.051
0.048  -0.112  -0.008  0.003  -6.556     -8  0.051
0.039  -0.131  -0.009  0.003  -7.458     -7  0.044
0.039  -0.131  -0.009  0.003  -7.458     -7  0.044
0.040  -0.115  -0.011  0.003  -8.253     -6  0.038
0.028  -0.080  -0.012  0.004  -9.263     -6  0.038
-0.007  -0.051  -0.013  0.003  -10.134     -6  0.038
-0.049  -0.038  -0.011  0.003  -8.908     -6  0.038
-0.049  -0.038  -0.011  0.003  -8.908     -6  0.038
-0.104  -0.005  -0.017  0.004  -13.070     -7  0.044
-0.104  -0.005  -0.017  0.004  -13.070     -7  0.044
-0.134  0.010  -0.016  0.004  -12.245     -8  0.051
-0.134  0.010  -0.016  0.004  -12.245     -8  0.051
-0.125  0.029  -0.015  0.007  -11.404     -7  0.044
-0.125  0.029  -0.015  0.007  -11.404     -7  0.044
-0.104  0.062  -0.014  0.009  -11.088     -9  0.057
-0.104  0.062  -0.014  0.009  -11.088     -9  0.057
-0.075  0.089  -0.013  0.012  -10.451    -10  0.063
-0.035  0.125  -0.011  0.014  -8.318    -12  0.076
-0.002  0.136  -0.011  0.011  -8.583    -11  0.070
0.023  0.127  -0.012  0.009  -9.104    -11  0.070
0.025  0.117  -0.014  0.009  -11.010     -9  0.057
0.034  0.098  -0.012  0.010  -9.496     -9  0.057
0.054  0.057  -0.012  0.008  -9.329     -9  0.057
0.047  0.029  -0.010  0.010  -8.019     -9  0.057
0.038  -0.014  -0.011  0.008  -8.400     -9  0.057
0.025  -0.056  -0.012  0.006  -9.105     -9  0.057
0.025  -0.056  -0.012  0.006  -9.105     -9  0.057
0.017  -0.079  -0.011  0.006  -8.406     -9  0.057
0.017  -0.079  -0.011  0.006  -8.406     -9  0.057
0.018  -0.083  -0.009  0.006  -7.452     -9  0.057
0.022  -0.068  -0.011  0.005  -8.785     -8  0.051
0.022  -0.068  -0.011  0.005  -8.785     -8  0.051
0.026  -0.073  -0.011  0.004  -8.808     -8  0.051
0.026  -0.073  -0.011  0.004  -8.808     -8  0.051
0.031  -0.069  -0.010  0.006  -7.906     -7  0.044
0.024  -0.069  -0.009  0.004  -7.085     -7  0.044
0.024  -0.069  -0.009  0.004  -7.085     -7  0.044
0.021  -0.051  -0.010  0.006  -7.533     -7  0.044
0.021  -0.051  -0.010  0.006  -7.533     -7  0.044
0.013  -0.025  -0.010  0.009  -8.130     -8  0.051
0.010  0.024  -0.011  0.011  -8.758     -8  0.051
0.010  0.024  -0.011  0.011  -8.758     -8  0.051
0.000  0.055  -0.012  0.010  -9.335     -8  0.051
0.000  0.055  -0.012  0.010  -9.335     -8  0.051
0.003  0.067  -0.009  0.010  -6.995     -8  0.051
0.003  0.067  -0.009  0.010  -6.995     -8  0.051
0.024  0.090  -0.006  0.011  -4.745     -8  0.051
0.024  0.090  -0.006  0.011  -4.745     -8  0.051
0.037  0.092  -0.008  0.010  -6.340     -8  0.051
0.037  0.092  -0.008  0.010  -6.340     -8  0.051
0.030  0.064  -0.009  0.006  -7.382     -7  0.044
0.012  0.006  -0.011  0.003  -8.480     -7  0.044
-0.001  -0.031  -0.011  0.003  -8.932     -7  0.044
-0.001  -0.031  -0.011  0.003  -8.932     -7  0.044
-0.010  -0.081  -0.012  0.002  -9.382     -7  0.044
-0.010  -0.081  -0.012  0.002  -9.382     -7  0.044
-0.018  -0.103  -0.012  0.005  -9.357     -8  0.051
-0.030  -0.090  -0.012  0.008  -9.419     -8  0.051
-0.045  -0.053  -0.012  0.009  -9.354     -8  0.051
-0.067  -0.028  -0.013  0.008  -9.859     -8  0.051
-0.071  -0.013  -0.013  0.006  -10.119     -8  0.051
-0.053  0.039  -0.013  0.009  -10.578     -9  0.057
-0.062  0.078  -0.017  0.009  -13.439     -9  0.057
-0.059  0.102  -0.015  0.011  -12.021     -9  0.057
-0.059  0.102  -0.015  0.011  -12.021     -9  0.057
-0.057  0.076  -0.015  0.007  -11.654     -9  0.057
-0.039  0.028  -0.012  0.003  -9.658    -10  0.063
-0.021  -0.019  -0.012  0.005  -9.248    -11  0.070
-0.021  -0.019  -0.012  0.005  -9.248    -11  0.070
-0.018  -0.047  -0.014  0.005  -11.326    -10  0.063
-0.018  -0.047  -0.014  0.005  -11.326    -10  0.063
-0.028  -0.060  -0.017  0.005  -13.389    -11  0.070
-0.028  -0.060  -0.017  0.005  -13.389    -11  0.070
-0.030  -0.067  -0.017  0.003  -13.206    -11  0.070
-0.030  -0.067  -0.017  0.003  -13.206    -11  0.070
-0.026  -0.071  -0.016  0.004  -12.428    -11  0.070
-0.016  -0.086  -0.015  0.004  -11.872    -11  0.070
-0.016  -0.086  -0.015  0.004  -11.872    -11  0.070
0.001  -0.056  -0.014  0.007  -10.814    -11  0.070
0.001  -0.056  -0.014  0.007  -10.814    -11  0.070
-0.000  -0.014  -0.013  0.009  -9.832    -11  0.070
-0.000  -0.014  -0.013  0.009  -9.832    -11  0.070
0.008  0.028  -0.012  0.006  -9.534    -11  0.070
0.008  0.028  -0.012  0.006  -9.534    -11  0.070
0.015  0.060  -0.012  0.009  -9.663    -11  0.070
0.015  0.060  -0.012  0.009  -9.663    -11  0.070
0.030  0.056  -0.013  0.007  -10.435    -11  0.070
0.069  0.052  -0.010  0.006  -7.939    -10  0.063
0.063  0.044  -0.014  0.006  -11.273    -10  0.063
0.063  0.044  -0.014  0.006  -11.273    -10  0.063
0.043  0.034  -0.014  0.006  -10.798    -11  0.070
0.043  0.034  -0.014  0.006  -10.798    -11  0.070
0.024  0.013  -0.013  0.006  -10.403    -11  0.070
0.024  0.013  -0.013  0.006  -10.403    -11  0.070
0.018  -0.014  -0.011  0.005  -8.812    -11  0.070
-0.001  -0.048  -0.014  0.003  -10.756    -10  0.063
-0.001  -0.053  -0.011  0.005  -8.967     -8  0.051
-0.010  -0.056  -0.014  0.002  -11.143     -8  0.051
0.006  -0.058  -0.011  0.004  -8.388     -8  0.051
0.025  -0.037  -0.009  0.005  -7.452     -9  0.057
0.024  -0.029  -0.011  0.004  -8.932     -9  0.057
0.047  -0.014  -0.011  0.005  -8.251     -9  0.057
0.033  0.003  -0.012  0.007  -9.365     -9  0.057
0.025  0.024  -0.011  0.007  -8.885     -9  0.057
0.025  0.024  -0.011  0.007  -8.885     -9  0.057
0.022  0.047  -0.010  0.008  -8.138     -9  0.057
0.022  0.047  -0.010  0.008  -8.138     -9  0.057
0.033  0.055  -0.010  0.007  -7.716     -9  0.057
0.033  0.055  -0.010  0.007  -7.716     -9  0.057
0.022  0.037  -0.010  0.004  -8.225     -9  0.057
0.019  0.027  -0.011  0.004  -8.695     -8  0.051
-0.005  0.001  -0.012  0.004  -9.047     -8  0.051
-0.005  0.001  -0.012  0.004  -9.047     -8  0.051
-0.041  -0.006  -0.017  0.005  -13.519     -7  0.044
-0.041  -0.006  -0.017  0.005  -13.519     -7  0.044
-0.071  0.004  -0.019  0.008  -14.878     -8  0.051
-0.071  0.004  -0.019  0.008  -14.878     -8  0.051
-0.108  -0.005  -0.020  0.006  -15.502     -8  0.051
-0.108  -0.005  -0.020  0.006  -15.502     -8  0.051
-0.117  -0.000  -0.018  0.008  -13.825    -10  0.063
-0.117  -0.000  -0.018  0.008  -13.825    -10  0.063
-0.103  -0.001  -0.013  0.006  -10.294    -11  0.070
-0.072  -0.005  -0.011  0.004  -8.877    -12  0.076
-0.072  -0.005  -0.011  0.004  -8.877    -12  0.076
-0.024  -0.015  -0.009  0.002  -7.384    -12  0.076
-0.024  -0.015  -0.009  0.002  -7.384    -12  0.076
0.001  0.001  -0.014  0.007  -10.847    -12  0.076
0.004  -0.004  -0.018  0.005  -13.922    -11  0.070
0.004  -0.004  -0.018  0.005  -13.922    -11  0.070
0.016  -0.034  -0.017  0.002  -13.233    -10  0.063
0.016  -0.034  -0.017  0.002  -13.233    -10  0.063
0.016  -0.034  -0.017  0.002  -13.233    -10  0.063
0.037  -0.055  -0.016  0.002  -12.453    -10  0.063
0.030  -0.056  -0.015  0.004  -11.700    -11  0.070
0.015  -0.044  -0.014  0.003  -10.865    -10  0.063
0.004  -0.039  -0.011  0.003  -8.739    -11  0.070
0.018  -0.021  -0.007  0.003  -5.876    -12  0.076
0.054  -0.014  -0.007  0.003  -5.556    -12  0.076
0.086  -0.012  -0.009  0.003  -6.709    -12  0.076
0.119  -0.006  -0.010  0.006  -8.111    -11  0.070
0.101  0.043  -0.014  0.009  -11.104    -11  0.070
0.042  0.082  -0.017  0.010  -13.104    -10  0.063
0.042  0.082  -0.017  0.010  -13.104    -10  0.063
0.000  0.064  -0.014  0.004  -11.303     -9  0.057
0.000  0.064  -0.014  0.004  -11.303     -9  0.057
-0.037  0.031  -0.014  0.002  -11.276     -9  0.057
-0.067  0.001  -0.014  -0.000  -11.023    -10  0.063
-0.067  0.001  -0.014  -0.000  -11.023    -10  0.063
-0.077  -0.022  -0.012  0.001  -9.066    -11  0.070
-0.077  -0.022  -0.012  0.001  -9.066    -11  0.070
-0.060  -0.031  -0.010  0.004  -7.530    -11  0.070
-0.012  -0.032  -0.008  0.005  -6.461    -11  0.070
-0.012  -0.032  -0.008  0.005  -6.461    -11  0.070
0.013  -0.047  -0.013  0.003  -10.094    -10  0.063
0.013  -0.047  -0.013  0.003  -10.094    -10  0.063
0.013  -0.047  -0.013  0.003  -10.094    -10  0.063
0.034  -0.047  -0.013  0.006  -10.277    -10  0.063
0.044  -0.017  -0.014  0.008  -10.671     -9  0.057
0.028  0.039  -0.014  0.009  -11.354     -9  0.057
0.028  0.039  -0.014  0.009  -11.354     -9  0.057
-0.001  0.086  -0.014  0.007  -10.739     -9  0.057
-0.001  0.086  -0.014  0.007  -10.739     -9  0.057
-0.015  0.092  -0.013  0.005  -10.248     -9  0.057
-0.015  0.092  -0.013  0.005  -10.248     -9  0.057
-0.027  0.080  -0.013  0.006  -9.823     -9  0.057
-0.027  0.080  -0.013  0.006  -9.823     -9  0.057
-0.047  0.042  -0.014  0.004  -11.033    -10  0.063
-0.069  0.011  -0.017  0.005  -13.614     -9  0.057
-0.051  -0.001  -0.014  0.006  -10.818    -10  0.063
-0.015  -0.003  -0.013  0.006  -10.299    -10  0.063
-0.001  -0.021  -0.013  0.006  -9.858     -9  0.057
-0.004  -0.022  -0.015  0.007  -11.766     -9  0.057
0.004  -0.023  -0.013  0.004  -10.204     -9  0.057
-0.007  -0.026  -0.015  0.002  -11.844     -9  0.057
-0.022  -0.035  -0.017  0.001  -13.173     -9  0.057
-0.029  -0.039  -0.017  0.003  -13.239    -10  0.063
-0.029  -0.039  -0.017  0.003  -13.239    -10  0.063
-0.027  -0.026  -0.017  0.006  -13.083    -11  0.070
-0.027  -0.026  -0.017  0.006  -13.083    -11  0.070
-0.019  -0.004  -0.014  0.009  -11.367    -11  0.070
-0.019  -0.004  -0.014  0.009  -11.367    -11  0.070
-0.038  0.014  -0.015  0.008  -12.134    -12  0.076
-0.037  0.026  -0.016  0.007  -12.460    -13  0.082
-0.004  0.027  -0.011  0.004  -9.010    -13  0.082
-0.004  0.027  -0.011  0.004  -9.010    -13  0.082
0.036  0.001  -0.010  -0.000  -8.239    -12  0.076
0.036  0.001  -0.010  -0.000  -8.239    -12  0.076
0.063  0.001  -0.010  0.002  -7.480    -12  0.076
0.063  0.001  -0.010  0.002  -7.480    -12  0.076
0.082  0.006  -0.012  0.005  -9.618    -11  0.070
0.082  0.006  -0.012  0.005  -9.618    -11  0.070
0.071  0.025  -0.015  0.011  -11.634    -10  0.063
0.045  0.051  -0.015  0.014  -11.957     -9  0.057
0.045  0.051  -0.015  0.014  -11.957     -9  0.057
0.017  0.064  -0.015  0.012  -12.093     -9  0.057
0.017  0.064  -0.015  0.012  -12.093     -9  0.057
-0.000  0.053  -0.013  0.007  -10.508    -10  0.063
-0.000  0.053  -0.013  0.007  -10.508    -10  0.063
0.003  0.061  -0.012  0.007  -9.233    -10  0.063
0.003  0.061  -0.012  0.007  -9.233    -10  0.063
-0.007  0.055  -0.012  0.004  -9.588    -11  0.070
-0.007  0.055  -0.012  0.004  -9.588    -11  0.070
-0.026  0.066  -0.013  0.008  -10.130    -11  0.070
-0.030  0.078  -0.015  0.012  -11.608    -11  0.070
-0.011  0.047  -0.013  0.012  -9.907    -10  0.063
-0.011  0.047  -0.013  0.012  -9.907    -10  0.063
0.016  0.020  -0.013  0.011  -10.042    -10  0.063
0.044  -0.017  -0.010  0.008  -7.826     -9  0.057
0.066  -0.021  -0.008  0.008  -5.968    -10  0.063
0.118  0.012  -0.000  0.009  -0.134     -9  0.057
0.155  0.036  0.000  0.009  0.106     -9  0.057
0.146  0.010  -0.007  0.006  -5.554     -8  0.051
0.116  -0.015  -0.012  0.007  -9.076     -8  0.051
0.078  -0.049  -0.012  0.008  -9.622     -6  0.038
0.029  -0.070  -0.014  0.006  -10.668     -6  0.038
-0.025  -0.066  -0.012  0.006  -9.553     -6  0.038
-0.062  -0.053  -0.011  0.006  -8.848     -6  0.038
-0.107  -0.044  -0.012  0.005  -9.655     -7  0.044
-0.107  -0.044  -0.012  0.005  -9.655     -7  0.044
-0.145  -0.034  -0.014  0.008  -11.252     -7  0.044
-0.145  -0.034  -0.014  0.008  -11.252     -7  0.044
-0.173  -0.024  -0.016  0.008  -12.617     -8  0.051
-0.173  -0.024  -0.016  0.008  -12.617     -8  0.051
-0.127  0.004  -0.014  0.009  -10.881     -9  0.057
0.010  0.037  -0.001  0.010  -0.707     -9  0.057
0.099  0.036  -0.001  0.008  -0.722    -10  0.063
0.099  0.036  -0.001  0.008  -0.722    -10  0.063
0.125  0.024  -0.005  0.006  -4.253    -10  0.063
0.125  0.024  -0.005  0.006  -4.253    -10  0.063
0.108  -0.004  -0.011  0.002  -8.618     -8  0.051
0.108  -0.004  -0.011  0.002  -8.618     -8  0.051
0.051  -0.043  -0.016  0.001  -12.632     -7  0.044
0.051  -0.043  -0.016  0.001  -12.632     -7  0.044
-0.003  -0.076  -0.018  0.001  -13.890     -7  0.044
-0.034  -0.097  -0.016  0.001  -12.557     -7  0.044
-0.034  -0.097  -0.016  0.001  -12.557     -7  0.044
-0.052  -0.107  -0.013  0.004  -10.353     -9  0.057
-0.052  -0.107  -0.013  0.004  -10.353     -9  0.057
-0.067  -0.076  -0.011  0.007  -8.287    -10  0.063
-0.067  -0.076  -0.011  0.007  -8.287    -10  0.063
-0.096  -0.045  -0.010  0.007  -8.078     -9  0.057
-0.096  -0.045  -0.010  0.007  -8.078     -9  0.057
-0.116  -0.014  -0.010  0.005  -7.769     -9  0.057
-0.048  0.011  -0.009  0.003  -7.432     -8  0.051
0.051  0.037  -0.006  0.004  -4.358     -8  0.051
0.118  0.060  -0.007  0.005  -5.266     -7  0.044
0.206  0.069  0.003  0.008  2.686     -7  0.044
0.273  0.072  0.009  0.009  6.832     -7  0.044
0.266  0.064  0.003  0.009  2.056     -6  0.038
0.260  0.037  0.005  0.006  3.697     -5  0.032
0.270  0.029  0.008  0.008  6.508     -5  0.032
0.270  0.051  0.008  0.009  6.107     -5  0.032
0.252  0.081  0.008  0.011  6.157     -4  0.025
0.252  0.081  0.008  0.011  6.157     -4  0.025
0.196  0.095  0.004  0.012  3.432     -3  0.019
0.196  0.095  0.004  0.012  3.432     -3  0.019
0.115  0.075  0.002  0.010  1.757     -2  0.013
0.043  0.044  0.002  0.008  1.285     -2  0.013
0.043  0.044  0.002  0.008  1.285     -2  0.013
-0.052  0.020  0.000  0.008  0.207     -1  0.006
-0.052  0.020  0.000  0.008  0.207     -1  0.006
-0.083  0.006  0.001  0.008  0.590     -1  0.006
-0.076  -0.005  0.001  0.007  0.549     -1  0.006
-0.076  -0.005  0.001  0.007  0.549     -1  0.006
-0.076  -0.005  0.001  0.007  0.549     -1  0.006
-0.115  -0.012  -0.002  0.008  -1.349     -1  0.006
-0.115  -0.012  -0.002  0.008  -1.349     -1  0.006
-0.165  -0.043  -0.007  0.006  -5.579     -1  0.006
-0.191  -0.076  -0.009  0.004  -7.444      0  0.000
-0.215  -0.102  -0.012  0.002  -9.622      0  0.000
-0.215  -0.102  -0.012  0.002  -9.622      0  0.000
-0.213  -0.114  -0.011  0.001  -9.001      0  0.000
-0.213  -0.114  -0.011  0.001  -9.001      0  0.000
-0.187  -0.109  -0.007  0.002  -5.644     -1  0.006
-0.187  -0.109  -0.007  0.002  -5.644     -1  0.006
-0.144  -0.108  -0.004  0.001  -2.911     -1  0.006
-0.144  -0.108  -0.004  0.001  -2.911     -1  0.006
-0.058  -0.109  0.003  0.001  2.500     -1  0.006
-0.058  -0.109  0.003  0.001  2.500     -1  0.006
0.005  -0.093  0.001  0.002  0.862     -1  0.006
0.035  -0.083  -0.005  0.001  -3.871     -1  0.006
0.045  -0.056  -0.010  0.003  -7.636      0  0.000
0.048  -0.002  -0.010  0.007  -7.863      0  0.000
0.032  0.048  -0.009  0.008  -6.810      0  0.000
0.011  0.070  -0.007  0.006  -5.493     -1  0.006
-0.020  0.072  -0.005  0.004  -3.823     -1  0.006
-0.060  0.070  -0.006  0.005  -4.590     -2  0.013
-0.091  0.082  -0.008  0.008  -6.540     -2  0.013
-0.091  0.082  -0.008  0.008  -6.540     -2  0.013
-0.083  0.093  -0.006  0.010  -4.658     -2  0.013
-0.083  0.093  -0.006  0.010  -4.658     -2  0.013
-0.020  0.106  -0.005  0.012  -3.927     -3  0.019
0.046  0.118  -0.004  0.013  -2.790     -3  0.019
0.046  0.118  -0.004  0.013  -2.790     -3  0.019
0.080  0.079  -0.003  0.007  -2.252     -4  0.025
0.080  0.079  -0.003  0.007  -2.252     -4  0.025
0.099  0.040  0.001  0.006  0.565     -3  0.019
0.099  0.040  0.001  0.006  0.565     -3  0.019
0.119  0.007  0.003  0.003  2.503     -3  0.019
0.119  0.007  0.003  0.003  2.503     -3  0.019
0.133  -0.009  0.003  0.004  2.592     -3  0.019
0.133  -0.009  0.003  0.004  2.592     -3  0.019
0.143  -0.014  0.003  0.008  2.298     -3  0.019
0.148  -0.015  0.001  0.011  1.089     -2  0.013
0.114  -0.032  -0.003  0.008  -2.257     -2  0.013
0.114  -0.032  -0.003  0.008  -2.257     -2  0.013
0.054  -0.042  -0.004  0.006  -3.228     -1  0.006
0.054  -0.042  -0.004  0.006  -3.228     -1  0.006
0.002  -0.042  -0.004  0.006  -3.483     -1  0.006
0.002  -0.042  -0.004  0.006  -3.483     -1  0.006
-0.055  -0.030  -0.006  0.005  -5.073     -1  0.006
-0.055  -0.030  -0.006  0.005  -5.073     -1  0.006
-0.086  0.010  -0.004  0.007  -2.875     -1  0.006
-0.106  0.035  -0.003  0.010  -2.091     -1  0.006
-0.106  0.035  -0.003  0.010  -2.091     -1  0.006
-0.089  0.043  -0.000  0.009  -0.284     -1  0.006
-0.089  0.043  -0.000  0.009  -0.284     -1  0.006
-0.054  0.035  -0.000  0.010  -0.315     -1  0.006
-0.002  0.032  0.002  0.011  1.259     -1  0.006
0.040  0.040  0.000  0.010  0.104     -1  0.006
0.071  0.065  -0.001  0.010  -0.505      0  0.000
0.228  0.054  0.026  0.007  20.658      0  0.000
1.291  0.215  0.193  0.039  151.655      0  0.000
3.069  1.306  0.359  0.210  281.765      0  0.000
5.110  3.104  0.480  0.377  377.118      2  0.013
6.706  4.890  0.496  0.446  389.332      2  0.013
6.706  4.890  0.496  0.446  389.332      2  0.013
7.294  5.981  0.417  0.408  327.536     66  0.418
6.844  6.285  0.316  0.350  247.887    129  0.816
6.844  6.285  0.316  0.350  247.887    129  0.816
5.484  5.786  0.218  0.276  171.581    173  1.095
5.484  5.786  0.218  0.276  171.581    173  1.095
3.540  4.575  0.157  0.202  123.550    195  1.234
3.540  4.575  0.157  0.202  123.550    195  1.234
1.281  2.907  0.135  0.161  105.665    190  1.203
1.281  2.907  0.135  0.161  105.665    190  1.203
-1.247  0.938  0.115  0.139  90.402    170  1.076
-1.247  0.938  0.115  0.139  90.402    170  1.076
-3.834  -1.321  0.096  0.117  75.093    147  0.930
-5.533  -3.628  0.066  0.092  51.460    132  0.835
-6.151  -4.979  0.031  0.066  24.666    123  0.778
-6.151  -4.979  0.031  0.066  24.666    123  0.778
-5.683  -5.153  0.012  0.044  9.037    115  0.728
-5.683  -5.153  0.012  0.044  9.037    115  0.728
-4.619  -4.585  0.004  0.025  3.184    101  0.639
-4.619  -4.585  0.004  0.025  3.184    101  0.639
-3.545  -3.829  0.002  0.019  1.430     83  0.525
-3.545  -3.829  0.002  0.019  1.430     83  0.525
-2.694  -3.036  0.001  0.018  0.943     64  0.405
-2.159  -2.379  -0.001  0.016  -0.616     50  0.316
-2.159  -2.379  -0.001  0.016  -0.616     50  0.316
-1.811  -1.944  -0.004  0.014  -3.150     41  0.259
-1.811  -1.944  -0.004  0.014  -3.150     41  0.259
-1.450  -1.591  -0.007  0.011  -5.310     34  0.215
-1.450  -1.591  -0.007  0.011  -5.310     34  0.215
-1.065  -1.248  -0.007  0.006  -5.806     27  0.171
-0.675  -0.906  -0.008  0.006  -5.980     20  0.127
-0.361  -0.588  -0.006  0.009  -4.440      6  0.038
-0.181  -0.344  -0.002  0.011  -1.916      5  0.032
-0.098  -0.200  -0.002  0.008  -1.886      5  0.032
-0.040  -0.156  -0.001  0.006  -0.514      3  0.019
-0.005  -0.137  -0.003  0.005  -2.235      3  0.019
0.030  -0.100  -0.003  0.007  -2.566      2  0.013
0.110  -0.044  0.006  0.010  4.942      2  0.013
0.256  0.075  0.023  0.022  18.257      2  0.013
0.256  0.075  0.023  0.022  18.257      2  0.013
0.490  0.266  0.047  0.041  37.189      2  0.013
0.757  0.542  0.065  0.067  50.826      2  0.013
0.757  0.542  0.065  0.067  50.826      2  0.013
1.303  1.130  0.129  0.135  101.011      3  0.019
1.303  1.130  0.129  0.135  101.011      3  0.019
1.303  1.130  0.129  0.135  101.011      3  0.019
2.220  2.138  0.219  0.231  171.877      7  0.044
3.349  3.399  0.297  0.318  233.337     33  0.209
4.336  4.625  0.332  0.376  260.688     51  0.323
4.336  4.625  0.332  0.376  260.688     51  0.323
4.908  5.460  0.324  0.384  254.296     73  0.462
4.908  5.460  0.324  0.384  254.296     73  0.462
4.851  5.709  0.280  0.357  220.254    104  0.658
4.851  5.709  0.280  0.357  220.254    104  0.658
4.274  5.306  0.246  0.310  193.453    139  0.880
4.274  5.306  0.246  0.310  193.453    139  0.880
3.237  4.242  0.204  0.251  159.840    165  1.044
3.237  4.242  0.204  0.251  159.840    165  1.044
1.866  2.698  0.164  0.200  128.778    171  1.082
0.276  0.898  0.125  0.168  97.920    168  1.063
-1.469  -1.065  0.092  0.133  72.236    162  1.025
-1.469  -1.065  0.092  0.133  72.236    162  1.025
-1.469  -1.065  0.092  0.133  72.236    162  1.025
-2.952  -2.807  0.067  0.104  52.585    155  0.981
-3.847  -3.975  0.050  0.083  39.007    133  0.842
-3.847  -3.975  0.050  0.083  39.007    133  0.842
-4.041  -4.423  0.045  0.077  35.671    119  0.753
-3.677  -4.202  0.052  0.076  40.477    104  0.658
-2.960  -3.524  0.067  0.088  52.917     55  0.348
-2.057  -2.496  0.101  0.122  79.104     51  0.323
-0.992  -1.319  0.134  0.158  105.411     50  0.316
-0.042  -0.315  0.143  0.167  112.377     50  0.316
0.651  0.370  0.133  0.156  104.563     52  0.329
1.049  0.809  0.122  0.142  95.892     60  0.380
1.275  0.982  0.131  0.132  102.652     60  0.380
1.281  1.042  0.130  0.147  101.848     71  0.449
1.281  1.042  0.130  0.147  101.848     71  0.449
1.114  0.968  0.132  0.156  104.035     78  0.494
1.114  0.968  0.132  0.156  104.035     78  0.494
0.760  0.715  0.121  0.148  95.348     85  0.538
0.760  0.715  0.121  0.148  95.348     85  0.538
0.335  0.355  0.117  0.143  91.625     88  0.557
0.043  -0.048  0.134  0.135  105.219     91  0.576
0.043  -0.048  0.134  0.135  105.219     91  0.576
0.175  -0.185  0.182  0.151  142.907     91  0.576
0.175  -0.185  0.182  0.151  142.907     91  0.576
0.702  0.165  0.228  0.200  178.705     90  0.570
0.702  0.165  0.228  0.200  178.705     90  0.570
1.365  0.808  0.260  0.248  203.927     97  0.614
1.365  0.808  0.260  0.248  203.927     97  0.614
1.849  1.395  0.263  0.268  206.718    111  0.703
1.849  1.395  0.263  0.268  206.718    111  0.703
1.973  1.684  0.239  0.254  187.920    131  0.829
1.801  1.669  0.200  0.235  157.237    151  0.956
1.371  1.444  0.170  0.201  133.317    163  1.032
1.371  1.444  0.170  0.201  133.317    163  1.032
0.878  1.093  0.163  0.179  128.406    165  1.044
0.878  1.093  0.163  0.179  128.406    165  1.044
0.290  0.660  0.166  0.179  130.635    164  1.038
0.290  0.660  0.166  0.179  130.635    164  1.038
-0.293  0.254  0.182  0.195  142.820    154  0.975
-0.293  0.254  0.182  0.195  142.820    154  0.975
-0.733  -0.154  0.199  0.214  156.464    147  0.930
-0.867  -0.464  0.208  0.230  163.725    142  0.899
-0.790  -0.591  0.196  0.219  154.221    144  0.911
-0.652  -0.609  0.162  0.184  127.497    159  1.006
-0.656  -0.713  0.114  0.132  89.164    158  1.000
-0.892  -1.009  0.071  0.087  56.081    158  1.000
-1.355  -1.409  0.045  0.058  35.224    158  1.000
-1.915  -1.876  0.033  0.052  26.125    151  0.956
-2.307  -2.330  0.043  0.051  33.772    137  0.867
-2.380  -2.604  0.072  0.057  56.292    137  0.867
-2.380  -2.604  0.072  0.057  56.292    137  0.867
-2.132  -2.485  0.091  0.083  71.299     98  0.620
-2.132  -2.485  0.091  0.083  71.299     98  0.620
-1.404  -1.806  0.136  0.135  106.805     88  0.557
-1.404  -1.806  0.136  0.135  106.805     88  0.557
-0.234  -0.571  0.190  0.199  149.267     86  0.544
1.066  0.897  0.224  0.248  175.849     88  0.557
1.066  0.897  0.224  0.248  175.849     88  0.557
2.212  2.226  0.243  0.271  190.820     97  0.614
2.212  2.226  0.243  0.271  190.820     97  0.614
2.849  3.139  0.228  0.277  179.205    111  0.703
2.849  3.139  0.228  0.277  179.205    111  0.703
2.982  3.442  0.213  0.252  167.183    132  0.835
2.982  3.442  0.213  0.252  167.183    132  0.835
2.572  3.103  0.178  0.207  139.417    147  0.930
2.572  3.103  0.178  0.207  139.417    147  0.930
1.740  2.321  0.144  0.167  112.935    152  0.962
0.758  1.269  0.128  0.143  100.317    150  0.949
-0.086  0.096  0.134  0.133  105.572    147  0.930
-0.086  0.096  0.134  0.133  105.572    147  0.930
-0.738  -0.893  0.158  0.150  124.126    140  0.886
-0.738  -0.893  0.158  0.150  124.126    140  0.886
-1.056  -1.424  0.176  0.181  138.208    130  0.823
-1.056  -1.424  0.176  0.181  138.208    130  0.823
-0.913  -1.403  0.200  0.210  157.172    123  0.778
-0.913  -1.403  0.200  0.210  157.172    123  0.778
-0.534  -1.053  0.203  0.212  159.590    126  0.797
-0.043  -0.527  0.196  0.208  153.677    132  0.835
-0.043  -0.527  0.196  0.208  153.677    132  0.835
0.306  0.085  0.179  0.203  140.665    136  0.861
0.479  0.562  0.157  0.194  123.178    142  0.899
0.326  0.708  0.130  0.179  102.458    139  0.880
-0.116  0.489  0.111  0.157  87.043    139  0.880
-0.707  -0.002  0.097  0.136  76.332    135  0.854
-1.277  -0.666  0.087  0.116  68.073    135  0.854
-1.614  -1.254  0.090  0.106  70.578    129  0.816
-1.732  -1.561  0.093  0.110  73.158    121  0.766
-1.522  -1.509  0.106  0.123  82.907    121  0.766
-1.522  -1.509  0.106  0.123  82.907    121  0.766
-1.174  -1.313  0.107  0.129  84.101    101  0.639
-0.775  -1.056  0.106  0.128  83.093     95  0.601
-0.391  -0.761  0.105  0.124  82.632     95  0.601
-0.391  -0.761  0.105  0.124  82.632     95  0.601
-0.068  -0.471  0.106  0.118  83.536     95  0.601
-0.068  -0.471  0.106  0.118  83.536     95  0.601
0.140  -0.198  0.108  0.119  84.562     92  0.582
0.140  -0.198  0.108  0.119  84.562     92  0.582
0.252  0.017  0.110  0.123  86.286     90  0.570
0.252  0.017  0.110  0.123  86.286     90  0.570
0.373  0.236  0.128  0.142  100.245     89  0.563
0.373  0.236  0.128  0.142  100.245     89  0.563
0.595  0.535  0.164  0.180  128.841     89  0.563
0.961  0.852  0.201  0.209  157.876     88  0.557
0.961  0.852  0.201  0.209  157.876     88  0.557
1.401  1.233  0.232  0.236  182.403     93  0.589
1.401  1.233  0.232  0.236  182.403     93  0.589
1.917  1.692  0.259  0.259  203.192    101  0.639
1.917  1.692  0.259  0.259  203.192    101  0.639
2.357  2.130  0.274  0.276  215.177    118  0.747
2.357  2.130  0.274  0.276  215.177    118  0.747
2.659  2.510  0.285  0.296  223.675    139  0.880
2.659  2.510  0.285  0.296  223.675    139  0.880
2.787  2.761  0.291  0.312  228.178    157  0.994
2.642  2.831  0.278  0.324  218.484    172  1.089
2.121  2.584  0.245  0.309  192.294    181  1.146
2.121  2.584  0.245  0.309  192.294    181  1.146
1.285  1.932  0.214  0.272  168.310    189  1.196
0.364  1.064  0.199  0.240  156.134    191  1.209
-0.400  0.269  0.197  0.227  154.688    173  1.095
-0.960  -0.400  0.195  0.224  153.132    171  1.082
-1.303  -0.907  0.195  0.222  152.906    171  1.082
-1.469  -1.247  0.186  0.222  146.461    170  1.076
-1.527  -1.500  0.173  0.209  135.603    166  1.051
-1.457  -1.635  0.162  0.192  127.261    165  1.044
-1.296  -1.658  0.147  0.172  115.120    165  1.044
-1.147  -1.504  0.131  0.160  102.504    161  1.019
-1.147  -1.504  0.131  0.160  102.504    161  1.019
-1.089  -1.342  0.125  0.147  98.219    154  0.975
-1.089  -1.342  0.125  0.147  98.219    154  0.975
-1.079  -1.263  0.129  0.145  101.383    148  0.937
-1.079  -1.263  0.129  0.145  101.383    148  0.937
-1.054  -1.245  0.133  0.147  104.747    135  0.854
-1.054  -1.245  0.133  0.147  104.747    135  0.854
-0.962  -1.206  0.134  0.148  105.502    127  0.804
-0.962  -1.206  0.134  0.148  105.502    127  0.804
-0.798  -1.092  0.137  0.149  107.551    121  0.766
-0.471  -0.905  0.154  0.149  121.153    117  0.741
-0.181  -0.567  0.150  0.162  117.444    117  0.741
-0.181  -0.567  0.150  0.162  117.444    117  0.741
-0.052  -0.226  0.130  0.165  102.428    115  0.728
-0.052  -0.226  0.130  0.165  102.428    115  0.728
-0.038  -0.041  0.114  0.150  89.778    116  0.734
-0.038  -0.041  0.114  0.150  89.778    116  0.734
-0.186  -0.072  0.095  0.127  74.620    117  0.741
-0.186  -0.072  0.095  0.127  74.620    117  0.741
-0.511  -0.288  0.073  0.100  57.082    110  0.696
-0.883  -0.642  0.060  0.079  46.794    105  0.665
-0.883  -0.642  0.060  0.079  46.794    105  0.665
-1.167  -0.995  0.057  0.068  44.685     97  0.614
-1.167  -0.995  0.057  0.068  44.685     97  0.614
-1.303  -1.272  0.064  0.064  49.963     88  0.557
-1.303  -1.272  0.064  0.064  49.963     88  0.557
-1.274  -1.386  0.077  0.074  60.774     77  0.487
-1.274  -1.386  0.077  0.074  60.774     77  0.487
-1.103  -1.284  0.088  0.096  68.967     69  0.437
-0.625  -0.961  0.111  0.125  87.513     67  0.424
0.145  -0.222  0.160  0.178  125.437     67  0.424
1.055  0.808  0.210  0.228  164.588     69  0.437
1.845  1.737  0.223  0.242  175.463     69  0.437
2.211  2.245  0.194  0.213  152.176     76  0.481
2.076  2.215  0.152  0.169  119.569     86  0.544
1.704  1.912  0.142  0.159  111.673    101  0.639
1.573  1.812  0.204  0.224  160.306    101  0.639
1.767  1.868  0.283  0.287  222.141    109  0.690
2.010  2.117  0.319  0.353  250.478    108  0.684
2.110  2.261  0.329  0.364  258.704    115  0.728
2.110  2.261  0.329  0.364  258.704    115  0.728
1.910  2.090  0.297  0.329  232.946    134  0.848
1.910  2.090  0.297  0.329  232.946    134  0.848
1.910  2.090  0.297  0.329  232.946    134  0.848
1.572  1.816  0.251  0.287  197.382    156  0.987
1.344  1.625  0.229  0.264  180.195    186  1.177
1.167  1.473  0.226  0.262  177.157    191  1.209
1.167  1.473  0.226  0.262  177.157    191  1.209
0.837  1.139  0.235  0.268  184.232    192  1.215
0.837  1.139  0.235  0.268  184.232    192  1.215
0.203  0.480  0.239  0.275  187.882    186  1.177
0.203  0.480  0.239  0.275  187.882    186  1.177
-0.645  -0.403  0.231  0.268  181.444    183  1.158
-0.645  -0.403  0.231  0.268  181.444    183  1.158
-1.337  -1.140  0.202  0.238  158.566    182  1.152
-1.755  -1.604  0.155  0.213  121.793    183  1.158
-2.082  -1.749  0.102  0.175  80.439    181  1.146
-2.082  -1.749  0.102  0.175  80.439    181  1.146
-2.082  -1.749  0.102  0.175  80.439    181  1.146
-2.320  -1.891  0.062  0.126  48.722    178  1.127
-2.612  -2.215  0.039  0.089  30.315    159  1.006
-2.612  -2.215  0.039  0.089  30.315    159  1.006
-2.984  -2.704  0.027  0.062  21.301    141  0.892
-2.984  -2.704  0.027  0.062  21.301    141  0.892
-3.300  -3.200  0.018  0.044  14.478    122  0.772
