SetPt[mA]  I_m[mA] theta_l[deg]  theta_c[deg]  T_sea[N.m]  T_acc[N.m]  K_ff  Kp_A  Ki_A  Kp_F  Kd_F  Amp
2.324     0 0.000 0.000 0.000 1.013 1.000 4.560 5.790 1.531 0.020 100000
4.139    -4 0.000 0.000 0.000 1.002 1.000 4.560 5.790 1.531 0.020 100000
3.711    -5 0.000 0.000 0.000 0.188 1.000 4.560 5.790 1.531 0.020 100000
4.660    -7 0.000 0.000 0.000 0.749 1.000 4.560 5.790 1.531 0.020 100000
5.149    -6 0.000 0.000 0.000 0.635 1.000 4.560 5.790 1.531 0.020 100000
4.839    -6 0.000 0.000 0.000 0.331 1.000 4.560 5.790 1.531 0.020 100000
3.939    -5 0.000 0.000 0.000 0.045 1.000 4.560 5.790 1.531 0.020 100000
3.221    -6 0.000 0.000 0.000 0.043 1.000 4.560 5.790 1.531 0.020 100000
3.137    -5 0.000 0.000 0.000 0.255 1.000 4.560 5.790 1.531 0.020 100000
2.442    -7 0.000 0.000 0.000 -0.019 1.000 4.560 5.790 1.531 0.020 100000
1.940    -7 0.000 0.000 0.000 0.002 1.000 4.560 5.790 1.531 0.020 100000
3.083    -5 0.000 0.000 0.000 0.674 1.000 4.560 5.790 1.531 0.020 100000
2.723    -5 0.000 0.000 0.000 0.122 1.000 4.560 5.790 1.531 0.020 100000
1.330    -5 0.000 0.000 0.000 -0.361 1.000 4.560 5.790 1.531 0.020 100000
2.444    -5 0.000 0.000 0.000 0.606 1.000 4.560 5.790 1.531 0.020 100000
2.110    -5 0.000 0.000 0.000 0.075 1.000 4.560 5.790 1.531 0.020 100000
1.316    -6 0.000 0.000 0.000 -0.155 1.000 4.560 5.790 1.531 0.020 100000
0.237    -5 0.000 0.000 0.000 -0.351 1.000 4.560 5.790 1.531 0.020 100000
0.141    -5 0.000 0.000 0.000 -0.020 1.000 4.560 5.790 1.531 0.020 100000
1.060    -6 0.000 0.000 0.000 0.413 1.000 4.560 5.790 1.531 0.020 100000
0.592    -4 0.000 0.000 0.000 -0.108 1.000 4.560 5.790 1.531 0.020 100000
1.327    -4 0.000 0.000 0.000 0.374 1.000 4.560 5.790 1.531 0.020 100000
2.769    -4 0.000 0.000 0.000 0.749 1.000 4.560 5.790 1.531 0.020 100000
2.609    -5 0.000 0.000 0.000 0.181 1.000 4.560 5.790 1.531 0.020 100000
2.359    -6 0.000 0.000 0.000 0.127 1.000 4.560 5.790 1.531 0.020 100000
1.685    -4 0.000 0.000 0.000 -0.080 1.000 4.560 5.790 1.531 0.020 100000
1.177    -4 0.000 0.000 0.000 -0.069 1.000 4.560 5.790 1.531 0.020 100000
0.898    -6 0.000 0.000 0.000 -0.015 1.000 4.560 5.790 1.531 0.020 100000
0.143    -6 0.000 0.000 0.000 -0.248 1.000 4.560 5.790 1.531 0.020 100000
1.303    -6 0.000 0.000 0.000 0.519 1.000 4.560 5.790 1.531 0.020 100000
-1.139    -6 0.000 0.000 0.000 -0.947 1.000 4.560 5.790 1.531 0.020 100000
-0.051    -5 0.000 0.000 0.000 0.372 1.000 4.560 5.790 1.531 0.020 100000
-0.311    -6 0.000 0.000 0.000 -0.118 1.000 4.560 5.790 1.531 0.020 100000
-0.936    -6 0.000 0.000 0.000 -0.301 1.000 4.560 5.790 1.531 0.020 100000
-0.300    -5 0.000 0.000 0.000 0.193 1.000 4.560 5.790 1.531 0.020 100000
0.635    -6 0.000 0.000 0.000 0.381 1.000 4.560 5.790 1.531 0.020 100000
-1.299    -5 0.000 0.000 0.000 -0.786 1.000 4.560 5.790 1.531 0.020 100000
0.549    -4 0.000 0.000 0.000 0.688 1.000 4.560 5.790 1.531 0.020 100000
0.248    -5 0.000 0.000 0.000 -0.081 1.000 4.560 5.790 1.531 0.020 100000
1.035    -5 0.000 0.000 0.000 0.365 1.000 4.560 5.790 1.531 0.020 100000
0.062    -5 0.000 0.000 0.000 -0.331 1.000 4.560 5.790 1.531 0.020 100000
0.928    -5 0.000 0.000 0.000 0.383 1.000 4.560 5.790 1.531 0.020 100000
0.950    -4 0.000 0.000 0.000 0.094 1.000 4.560 5.790 1.531 0.020 100000
0.493    -4 0.000 0.000 0.000 -0.113 1.000 4.560 5.790 1.531 0.020 100000
1.205    -5 0.000 0.000 0.000 0.355 1.000 4.560 5.790 1.531 0.020 100000
0.620    -5 0.000 0.000 0.000 -0.146 1.000 4.560 5.790 1.531 0.020 100000
0.728    -5 0.000 0.000 0.000 0.103 1.000 4.560 5.790 1.531 0.020 100000
1.263    -5 0.000 0.000 0.000 0.299 1.000 4.560 5.790 1.531 0.020 100000
0.114    -5 0.000 0.000 0.000 -0.386 1.000 4.560 5.790 1.531 0.020 100000
0.414    -6 0.000 0.000 0.000 0.141 1.000 4.560 5.790 1.531 0.020 100000
0.104    -7 0.000 0.000 0.000 -0.098 1.000 4.560 5.790 1.531 0.020 100000
1.920    -7 0.000 0.000 0.000 0.801 1.000 4.560 5.790 1.531 0.020 100000
0.540    -7 0.000 0.000 0.000 -0.428 1.000 4.560 5.790 1.531 0.020 100000
0.209    -7 0.000 0.000 0.000 -0.096 1.000 4.560 5.790 1.531 0.020 100000
0.399    -5 0.000 0.000 0.000 0.102 1.000 4.560 5.790 1.531 0.020 100000
0.554    -6 0.000 0.000 0.000 0.103 1.000 4.560 5.790 1.531 0.020 100000
0.711    -5 0.000 0.000 0.000 0.119 1.000 4.560 5.790 1.531 0.020 100000
1.244    -3 0.000 0.000 0.000 0.297 1.000 4.560 5.790 1.531 0.020 100000
1.509    -3 0.000 0.000 0.000 0.228 1.000 4.560 5.790 1.531 0.020 100000
1.233    -4 0.000 0.000 0.000 0.016 1.000 4.560 5.790 1.531 0.020 100000
1.532    -5 0.000 0.000 0.000 0.242 1.000 4.560 5.790 1.531 0.020 100000
1.163    -6 0.000 0.000 0.000 -0.022 1.000 4.560 5.790 1.531 0.020 100000
0.869    -7 0.000 0.000 0.000 -0.023 1.000 4.560 5.790 1.531 0.020 100000
0.749    -7 0.000 0.000 0.000 0.026 1.000 4.560 5.790 1.531 0.020 100000
0.620    -6 0.000 0.000 0.000 0.011 1.000 4.560 5.790 1.531 0.020 100000
0.535    -7 0.000 0.000 0.000 0.019 1.000 4.560 5.790 1.531 0.020 100000
-0.475    -5 0.000 0.000 0.000 -0.392 1.000 4.560 5.790 1.531 0.020 100000
-0.184    -4 0.000 0.000 0.000 0.084 1.000 4.560 5.790 1.531 0.020 100000
0.572    -3 0.000 0.000 0.000 0.313 1.000 4.560 5.790 1.531 0.020 100000
-1.819    -3 0.000 0.000 0.000 -0.991 1.000 4.560 5.790 1.531 0.020 100000
0.645    -1 0.000 0.000 0.000 0.910 1.000 4.560 5.790 1.531 0.020 100000
0.745    -1 0.000 0.000 0.000 0.102 1.000 4.560 5.790 1.531 0.020 100000
0.802    -2 0.000 0.000 0.000 0.092 1.000 4.560 5.790 1.531 0.020 100000
0.808    -1 0.000 0.000 0.000 0.075 1.000 4.560 5.790 1.531 0.020 100000
1.746     1 0.000 0.000 0.000 0.482 1.000 4.560 5.790 1.531 0.020 100000
-0.151    -2 0.000 0.000 0.000 -0.669 1.000 4.560 5.790 1.531 0.020 100000
1.184    -1 0.000 0.000 0.000 0.568 1.000 4.560 5.790 1.531 0.020 100000
1.542     0 0.000 0.000 0.000 0.263 1.000 4.560 5.790 1.531 0.020 100000
0.694    -1 0.000 0.000 0.000 -0.230 1.000 4.560 5.790 1.531 0.020 100000
1.139    -1 0.000 0.000 0.000 0.257 1.000 4.560 5.790 1.531 0.020 100000
0.423    -1 0.000 0.000 0.000 -0.209 1.000 4.560 5.790 1.531 0.020 100000
0.991    -1 0.000 0.000 0.000 0.286 1.000 4.560 5.790 1.531 0.020 100000
0.771    -1 0.000 0.000 0.000 -0.006 1.000 4.560 5.790 1.531 0.020 100000
0.096    -1 0.000 0.000 0.000 -0.225 1.000 4.560 5.790 1.531 0.020 100000
0.734     0 0.000 0.000 0.000 0.287 1.000 4.560 5.790 1.531 0.020 100000
0.193     0 0.000 0.000 0.000 -0.169 1.000 4.560 5.790 1.531 0.020 100000
0.268    -1 0.000 0.000 0.000 0.050 1.000 4.560 5.790 1.531 0.020 100000
0.920    -1 0.000 0.000 0.000 0.309 1.000 4.560 5.790 1.531 0.020 100000
0.774     3 0.000 0.000 0.000 0.020 1.000 4.560 5.790 1.531 0.020 100000
0.229    -1 0.000 0.000 0.000 -0.168 1.000 4.560 5.790 1.531 0.020 100000
-0.086     2 0.000 0.000 0.000 -0.117 1.000 4.560 5.790 1.531 0.020 100000
0.658     2 0.000 0.000 0.000 0.317 1.000 4.560 5.790 1.531 0.020 100000
-0.413     0 0.000 0.000 0.000 -0.408 1.000 4.560 5.790 1.531 0.020 100000
-1.977     0 0.000 0.000 0.000 -0.719 1.000 4.560 5.790 1.531 0.020 100000
0.655    -1 0.000 0.000 0.000 0.969 1.000 4.560 5.790 1.531 0.020 100000
0.256     1 0.000 0.000 0.000 -0.115 1.000 4.560 5.790 1.531 0.020 100000
0.565    -3 0.000 0.000 0.000 0.158 1.000 4.560 5.790 1.531 0.020 100000
0.702    -2 0.000 0.000 0.000 0.111 1.000 4.560 5.790 1.531 0.020 100000
1.266     1 0.000 0.000 0.000 0.309 1.000 4.560 5.790 1.531 0.020 100000
2.182    -2 0.000 0.000 0.000 0.514 1.000 4.560 5.790 1.531 0.020 100000
-0.276     1 0.000 0.000 0.000 -0.874 1.000 4.560 5.790 1.531 0.020 100000
0.602     0 0.000 0.000 0.000 0.358 1.000 4.560 5.790 1.531 0.020 100000
1.252     0 0.000 0.000 0.000 0.338 1.000 4.560 5.790 1.531 0.020 100000
0.610     0 0.000 0.000 0.000 -0.166 1.000 4.560 5.790 1.531 0.020 100000
0.664     0 0.000 0.000 0.000 0.078 1.000 4.560 5.790 1.531 0.020 100000
0.722    -1 0.000 0.000 0.000 0.086 1.000 4.560 5.790 1.531 0.020 100000
0.288    -1 0.000 0.000 0.000 -0.124 1.000 4.560 5.790 1.531 0.020 100000
1.430     0 0.000 0.000 0.000 0.524 1.000 4.560 5.790 1.531 0.020 100000
0.235     0 0.000 0.000 0.000 -0.392 1.000 4.560 5.790 1.531 0.020 100000
1.313     1 0.000 0.000 0.000 0.491 1.000 4.560 5.790 1.531 0.020 100000
1.100    -1 0.000 0.000 0.000 0.026 1.000 4.560 5.790 1.531 0.020 100000
1.419    -1 0.000 0.000 0.000 0.239 1.000 4.560 5.790 1.531 0.020 100000
1.045     1 0.000 0.000 0.000 -0.035 1.000 4.560 5.790 1.531 0.020 100000
0.794     1 0.000 0.000 0.000 -0.015 1.000 4.560 5.790 1.531 0.020 100000
-0.340     0 0.000 0.000 0.000 -0.423 1.000 4.560 5.790 1.531 0.020 100000
0.485     2 0.000 0.000 0.000 0.329 1.000 4.560 5.790 1.531 0.020 100000
-0.483     0 0.000 0.000 0.000 -0.378 1.000 4.560 5.790 1.531 0.020 100000
0.912     3 0.000 0.000 0.000 0.564 1.000 4.560 5.790 1.531 0.020 100000
0.780     3 0.000 0.000 0.000 0.025 1.000 4.560 5.790 1.531 0.020 100000
0.703    -2 0.000 0.000 0.000 0.037 1.000 4.560 5.790 1.531 0.020 100000
0.207    -2 0.000 0.000 0.000 -0.153 1.000 4.560 5.790 1.531 0.020 100000
-0.618     1 0.000 0.000 0.000 -0.341 1.000 4.560 5.790 1.531 0.020 100000
1.409    -3 0.000 0.000 0.000 0.828 1.000 4.560 5.790 1.531 0.020 100000
0.079    -3 0.000 0.000 0.000 -0.453 1.000 4.560 5.790 1.531 0.020 100000
0.803    -1 0.000 0.000 0.000 0.323 1.000 4.560 5.790 1.531 0.020 100000
1.354     0 0.000 0.000 0.000 0.313 1.000 4.560 5.790 1.531 0.020 100000
0.609     1 0.000 0.000 0.000 -0.202 1.000 4.560 5.790 1.531 0.020 100000
1.119    -1 0.000 0.000 0.000 0.277 1.000 4.560 5.790 1.531 0.020 100000
0.438    -1 0.000 0.000 0.000 -0.196 1.000 4.560 5.790 1.531 0.020 100000
-0.027     2 0.000 0.000 0.000 -0.163 1.000 4.560 5.790 1.531 0.020 100000
-1.222     2 0.000 0.000 0.000 -0.523 1.000 4.560 5.790 1.531 0.020 100000
0.523     0 0.000 0.000 0.000 0.650 1.000 4.560 5.790 1.531 0.020 100000
0.142    -1 0.000 0.000 0.000 -0.119 1.000 4.560 5.790 1.531 0.020 100000
-0.545     1 0.000 0.000 0.000 -0.287 1.000 4.560 5.790 1.531 0.020 100000
0.001     1 0.000 0.000 0.000 0.189 1.000 4.560 5.790 1.531 0.020 100000
0.393    -2 0.000 0.000 0.000 0.171 1.000 4.560 5.790 1.531 0.020 100000
1.119     1 0.000 0.000 0.000 0.352 1.000 4.560 5.790 1.531 0.020 100000
1.590     0 0.000 0.000 0.000 0.307 1.000 4.560 5.790 1.531 0.020 100000
0.331    -1 0.000 0.000 0.000 -0.405 1.000 4.560 5.790 1.531 0.020 100000
-0.016     0 0.000 0.000 0.000 -0.122 1.000 4.560 5.790 1.531 0.020 100000
0.847     1 0.000 0.000 0.000 0.375 1.000 4.560 5.790 1.531 0.020 100000
-0.094     0 0.000 0.000 0.000 -0.334 1.000 4.560 5.790 1.531 0.020 100000
0.323     0 0.000 0.000 0.000 0.173 1.000 4.560 5.790 1.531 0.020 100000
1.028     0 0.000 0.000 0.000 0.337 1.000 4.560 5.790 1.531 0.020 100000
0.032    -1 0.000 0.000 0.000 -0.341 1.000 4.560 5.790 1.531 0.020 100000
-0.059    -5 0.000 0.000 0.000 -0.036 1.000 4.560 5.790 1.531 0.020 100000
0.396    -7 0.000 0.000 0.000 0.193 1.000 4.560 5.790 1.531 0.020 100000
0.652    -7 0.000 0.000 0.000 0.147 1.000 4.560 5.790 1.531 0.020 100000
0.883    -7 0.000 0.000 0.000 0.160 1.000 4.560 5.790 1.531 0.020 100000
1.018    -5 0.000 0.000 0.000 0.139 1.000 4.560 5.790 1.531 0.020 100000
1.979    -4 0.000 0.000 0.000 0.511 1.000 4.560 5.790 1.531 0.020 100000
0.637    -2 0.000 0.000 0.000 -0.406 1.000 4.560 5.790 1.531 0.020 100000
0.690     1 0.000 0.000 0.000 0.081 1.000 4.560 5.790 1.531 0.020 100000
1.235    -2 0.000 0.000 0.000 0.300 1.000 4.560 5.790 1.531 0.020 100000
0.584    -2 0.000 0.000 0.000 -0.172 1.000 4.560 5.790 1.531 0.020 100000
1.195     0 0.000 0.000 0.000 0.319 1.000 4.560 5.790 1.531 0.020 100000
-0.463     1 0.000 0.000 0.000 -0.614 1.000 4.560 5.790 1.531 0.020 100000
0.574     1 0.000 0.000 0.000 0.410 1.000 4.560 5.790 1.531 0.020 100000
-0.390    -2 0.000 0.000 0.000 -0.368 1.000 4.560 5.790 1.531 0.020 100000
-0.348     1 0.000 0.000 0.000 -0.017 1.000 4.560 5.790 1.531 0.020 100000
0.193     0 0.000 0.000 0.000 0.204 1.000 4.560 5.790 1.531 0.020 100000
0.538     1 0.000 0.000 0.000 0.168 1.000 4.560 5.790 1.531 0.020 100000
-0.198    -1 0.000 0.000 0.000 -0.272 1.000 4.560 5.790 1.531 0.020 100000
1.212     0 0.000 0.000 0.000 0.597 1.000 4.560 5.790 1.531 0.020 100000
0.203     0 0.000 0.000 0.000 -0.330 1.000 4.560 5.790 1.531 0.020 100000
1.529     0 0.000 0.000 0.000 0.597 1.000 4.560 5.790 1.531 0.020 100000
0.875    -2 0.000 0.000 0.000 -0.147 1.000 4.560 5.790 1.531 0.020 100000
0.939     1 0.000 0.000 0.000 0.107 1.000 4.560 5.790 1.531 0.020 100000
1.411     2 0.000 0.000 0.000 0.291 1.000 4.560 5.790 1.531 0.020 100000
1.195     0 0.000 0.000 0.000 0.034 1.000 4.560 5.790 1.531 0.020 100000
0.093     0 0.000 0.000 0.000 -0.372 1.000 4.560 5.790 1.531 0.020 100000
1.343    -1 0.000 0.000 0.000 0.553 1.000 4.560 5.790 1.531 0.020 100000
0.561     0 0.000 0.000 0.000 -0.220 1.000 4.560 5.790 1.531 0.020 100000
0.720    -2 0.000 0.000 0.000 0.120 1.000 4.560 5.790 1.531 0.020 100000
0.691     0 0.000 0.000 0.000 0.052 1.000 4.560 5.790 1.531 0.020 100000
0.726    -1 0.000 0.000 0.000 0.078 1.000 4.560 5.790 1.531 0.020 100000
0.269     1 0.000 0.000 0.000 -0.134 1.000 4.560 5.790 1.531 0.020 100000
-0.078    -1 0.000 0.000 0.000 -0.127 1.000 4.560 5.790 1.531 0.020 100000
0.741    -1 0.000 0.000 0.000 0.350 1.000 4.560 5.790 1.531 0.020 100000
-0.734    -1 0.000 0.000 0.000 -0.576 1.000 4.560 5.790 1.531 0.020 100000
1.377     0 0.000 0.000 0.000 0.854 1.000 4.560 5.790 1.531 0.020 100000
0.747     0 0.000 0.000 0.000 -0.150 1.000 4.560 5.790 1.531 0.020 100000
-0.218    -1 0.000 0.000 0.000 -0.353 1.000 4.560 5.790 1.531 0.020 100000
-0.774    -1 0.000 0.000 0.000 -0.262 1.000 4.560 5.790 1.531 0.020 100000
-0.126     0 0.000 0.000 0.000 0.212 1.000 4.560 5.790 1.531 0.020 100000
0.361    -2 0.000 0.000 0.000 0.201 1.000 4.560 5.790 1.531 0.020 100000
0.153     0 0.000 0.000 0.000 -0.058 1.000 4.560 5.790 1.531 0.020 100000
1.020    -1 0.000 0.000 0.000 0.392 1.000 4.560 5.790 1.531 0.020 100000
-1.031    -1 0.000 0.000 0.000 -0.802 1.000 4.560 5.790 1.531 0.020 100000
0.923    -1 0.000 0.000 0.000 0.758 1.000 4.560 5.790 1.531 0.020 100000
0.996     1 0.000 0.000 0.000 0.115 1.000 4.560 5.790 1.531 0.020 100000
1.127     1 0.000 0.000 0.000 0.147 1.000 4.560 5.790 1.531 0.020 100000
1.633    -1 0.000 0.000 0.000 0.323 1.000 4.560 5.790 1.531 0.020 100000
1.385     3 0.000 0.000 0.000 0.039 1.000 4.560 5.790 1.531 0.020 100000
0.815    -1 0.000 0.000 0.000 -0.123 1.000 4.560 5.790 1.531 0.020 100000
-0.286    -2 0.000 0.000 0.000 -0.406 1.000 4.560 5.790 1.531 0.020 100000
0.679    -1 0.000 0.000 0.000 0.395 1.000 4.560 5.790 1.531 0.020 100000
-0.168     1 0.000 0.000 0.000 -0.308 1.000 4.560 5.790 1.531 0.020 100000
0.762     0 0.000 0.000 0.000 0.390 1.000 4.560 5.790 1.531 0.020 100000
0.873    -1 0.000 0.000 0.000 0.117 1.000 4.560 5.790 1.531 0.020 100000
1.454    -1 0.000 0.000 0.000 0.332 1.000 4.560 5.790 1.531 0.020 100000
1.306     0 0.000 0.000 0.000 0.067 1.000 4.560 5.790 1.531 0.020 100000
1.641     0 0.000 0.000 0.000 0.264 1.000 4.560 5.790 1.531 0.020 100000
0.222    -1 0.000 0.000 0.000 -0.470 1.000 4.560 5.790 1.531 0.020 100000
0.029     1 0.000 0.000 0.000 -0.064 1.000 4.560 5.790 1.531 0.020 100000
0.764     0 0.000 0.000 0.000 0.323 1.000 4.560 5.790 1.531 0.020 100000
1.772     1 0.000 0.000 0.000 0.509 1.000 4.560 5.790 1.531 0.020 100000
1.380    -1 0.000 0.000 0.000 -0.011 1.000 4.560 5.790 1.531 0.020 100000
1.596     1 0.000 0.000 0.000 0.219 1.000 4.560 5.790 1.531 0.020 100000
0.712     1 0.000 0.000 0.000 -0.241 1.000 4.560 5.790 1.531 0.020 100000
-0.769     0 0.000 0.000 0.000 -0.581 1.000 4.560 5.790 1.531 0.020 100000
0.677     0 0.000 0.000 0.000 0.561 1.000 4.560 5.790 1.531 0.020 100000
0.090     2 0.000 0.000 0.000 -0.195 1.000 4.560 5.790 1.531 0.020 100000
0.367     1 0.000 0.000 0.000 0.129 1.000 4.560 5.790 1.531 0.020 100000
0.502     1 0.000 0.000 0.000 0.092 1.000 4.560 5.790 1.531 0.020 100000
0.094    -3 0.000 0.000 0.000 -0.132 1.000 4.560 5.790 1.531 0.020 100000
0.319    -1 0.000 0.000 0.000 0.106 1.000 4.560 5.790 1.531 0.020 100000
0.455    -2 0.000 0.000 0.000 0.088 1.000 4.560 5.790 1.531 0.020 100000
0.088    -3 0.000 0.000 0.000 -0.119 1.000 4.560 5.790 1.531 0.020 100000
-1.205    -2 0.000 0.000 0.000 -0.556 1.000 4.560 5.790 1.531 0.020 100000
0.583    -2 0.000 0.000 0.000 0.670 1.000 4.560 5.790 1.531 0.020 100000
0.827    -2 0.000 0.000 0.000 0.159 1.000 4.560 5.790 1.531 0.020 100000
0.375     0 0.000 0.000 0.000 -0.122 1.000 4.560 5.790 1.531 0.020 100000
1.156     1 0.000 0.000 0.000 0.375 1.000 4.560 5.790 1.531 0.020 100000
0.568     1 0.000 0.000 0.000 -0.152 1.000 4.560 5.790 1.531 0.020 100000
1.155     1 0.000 0.000 0.000 0.307 1.000 4.560 5.790 1.531 0.020 100000
1.065     0 0.000 0.000 0.000 0.065 1.000 4.560 5.790 1.531 0.020 100000
-0.061    -1 0.000 0.000 0.000 -0.394 1.000 4.560 5.790 1.531 0.020 100000
0.828     1 0.000 0.000 0.000 0.382 1.000 4.560 5.790 1.531 0.020 100000
-0.238    -1 0.000 0.000 0.000 -0.390 1.000 4.560 5.790 1.531 0.020 100000
0.704     1 0.000 0.000 0.000 0.389 1.000 4.560 5.790 1.531 0.020 100000
0.819     0 0.000 0.000 0.000 0.114 1.000 4.560 5.790 1.531 0.020 100000
0.793     1 0.000 0.000 0.000 0.063 1.000 4.560 5.790 1.531 0.020 100000
0.891    -1 0.000 0.000 0.000 0.115 1.000 4.560 5.790 1.531 0.020 100000
1.323    -1 0.000 0.000 0.000 0.269 1.000 4.560 5.790 1.531 0.020 100000
0.703    -2 0.000 0.000 0.000 -0.151 1.000 4.560 5.790 1.531 0.020 100000
1.183     0 0.000 0.000 0.000 0.273 1.000 4.560 5.790 1.531 0.020 100000
0.459     0 0.000 0.000 0.000 -0.209 1.000 4.560 5.790 1.531 0.020 100000
0.045     0 0.000 0.000 0.000 -0.139 1.000 4.560 5.790 1.531 0.020 100000
0.809     1 0.000 0.000 0.000 0.337 1.000 4.560 5.790 1.531 0.020 100000
0.797    -1 0.000 0.000 0.000 0.068 1.000 4.560 5.790 1.531 0.020 100000
0.796    -1 0.000 0.000 0.000 0.072 1.000 4.560 5.790 1.531 0.020 100000
1.707     0 0.000 0.000 0.000 0.469 1.000 4.560 5.790 1.531 0.020 100000
-1.176    -1 0.000 0.000 0.000 -1.102 1.000 4.560 5.790 1.531 0.020 100000
1.011    -1 0.000 0.000 0.000 0.847 1.000 4.560 5.790 1.531 0.020 100000
0.471     0 0.000 0.000 0.000 -0.144 1.000 4.560 5.790 1.531 0.020 100000
-0.463    -1 0.000 0.000 0.000 -0.365 1.000 4.560 5.790 1.531 0.020 100000
0.504    -1 0.000 0.000 0.000 0.380 1.000 4.560 5.790 1.531 0.020 100000
0.111     0 0.000 0.000 0.000 -0.126 1.000 4.560 5.790 1.531 0.020 100000
0.897    -1 0.000 0.000 0.000 0.353 1.000 4.560 5.790 1.531 0.020 100000
0.889     1 0.000 0.000 0.000 0.078 1.000 4.560 5.790 1.531 0.020 100000
-0.128     1 0.000 0.000 0.000 -0.363 1.000 4.560 5.790 1.531 0.020 100000
0.739    -3 0.000 0.000 0.000 0.366 1.000 4.560 5.790 1.531 0.020 100000
0.291     0 0.000 0.000 0.000 -0.128 1.000 4.560 5.790 1.531 0.020 100000
0.554     0 0.000 0.000 0.000 0.141 1.000 4.560 5.790 1.531 0.020 100000
0.193    -1 0.000 0.000 0.000 -0.107 1.000 4.560 5.790 1.531 0.020 100000
0.444    -1 0.000 0.000 0.000 0.127 1.000 4.560 5.790 1.531 0.020 100000
1.130     1 0.000 0.000 0.000 0.339 1.000 4.560 5.790 1.531 0.020 100000
1.071     0 0.000 0.000 0.000 0.076 1.000 4.560 5.790 1.531 0.020 100000
1.966    -1 0.000 0.000 0.000 0.487 1.000 4.560 5.790 1.531 0.020 100000
1.010    -1 0.000 0.000 0.000 -0.239 1.000 4.560 5.790 1.531 0.020 100000
1.942    -2 0.000 0.000 0.000 0.498 1.000 4.560 5.790 1.531 0.020 100000
-0.110    -2 0.000 0.000 0.000 -0.719 1.000 4.560 5.790 1.531 0.020 100000
0.657     0 0.000 0.000 0.000 0.325 1.000 4.560 5.790 1.531 0.020 100000
0.128    -1 0.000 0.000 0.000 -0.171 1.000 4.560 5.790 1.531 0.020 100000
-0.233     1 0.000 0.000 0.000 -0.146 1.000 4.560 5.790 1.531 0.020 100000
0.606    -1 0.000 0.000 0.000 0.345 1.000 4.560 5.790 1.531 0.020 100000
-0.271     2 0.000 0.000 0.000 -0.328 1.000 4.560 5.790 1.531 0.020 100000
0.638    -1 0.000 0.000 0.000 0.372 1.000 4.560 5.790 1.531 0.020 100000
1.164    -2 0.000 0.000 0.000 0.287 1.000 4.560 5.790 1.531 0.020 100000
0.526     0 0.000 0.000 0.000 -0.173 1.000 4.560 5.790 1.531 0.020 100000
0.623     1 0.000 0.000 0.000 0.090 1.000 4.560 5.790 1.531 0.020 100000
0.150    -1 0.000 0.000 0.000 -0.150 1.000 4.560 5.790 1.531 0.020 100000
0.323    -2 0.000 0.000 0.000 0.089 1.000 4.560 5.790 1.531 0.020 100000
0.104     1 0.000 0.000 0.000 -0.066 1.000 4.560 5.790 1.531 0.020 100000
0.777     1 0.000 0.000 0.000 0.303 1.000 4.560 5.790 1.531 0.020 100000
-0.159     0 0.000 0.000 0.000 -0.338 1.000 4.560 5.790 1.531 0.020 100000
0.142    -1 0.000 0.000 0.000 0.117 1.000 4.560 5.790 1.531 0.020 100000
0.932    -1 0.000 0.000 0.000 0.357 1.000 4.560 5.790 1.531 0.020 100000
0.933    -1 0.000 0.000 0.000 0.085 1.000 4.560 5.790 1.531 0.020 100000
0.408     0 0.000 0.000 0.000 -0.144 1.000 4.560 5.790 1.531 0.020 100000
1.115     0 0.000 0.000 0.000 0.345 1.000 4.560 5.790 1.531 0.020 100000
1.009     0 0.000 0.000 0.000 0.054 1.000 4.560 5.790 1.531 0.020 100000
-0.114    -2 0.000 0.000 0.000 -0.398 1.000 4.560 5.790 1.531 0.020 100000
-0.162     0 0.000 0.000 0.000 -0.031 1.000 4.560 5.790 1.531 0.020 100000
-0.337     1 0.000 0.000 0.000 -0.091 1.000 4.560 5.790 1.531 0.020 100000
0.673     1 0.000 0.000 0.000 0.410 1.000 4.560 5.790 1.531 0.020 100000
-0.199     1 0.000 0.000 0.000 -0.320 1.000 4.560 5.790 1.531 0.020 100000
0.259    -2 0.000 0.000 0.000 0.182 1.000 4.560 5.790 1.531 0.020 100000
0.585    -3 0.000 0.000 0.000 0.166 1.000 4.560 5.790 1.531 0.020 100000
1.132    -1 0.000 0.000 0.000 0.291 1.000 4.560 5.790 1.531 0.020 100000
1.518    -1 0.000 0.000 0.000 0.270 1.000 4.560 5.790 1.531 0.020 100000
1.433     1 0.000 0.000 0.000 0.100 1.000 4.560 5.790 1.531 0.020 100000
1.241     1 0.000 0.000 0.000 0.046 1.000 4.560 5.790 1.531 0.020 100000
0.632     2 0.000 0.000 0.000 -0.153 1.000 4.560 5.790 1.531 0.020 100000
0.094     1 0.000 0.000 0.000 -0.178 1.000 4.560 5.790 1.531 0.020 100000
0.337     0 0.000 0.000 0.000 0.115 1.000 4.560 5.790 1.531 0.020 100000
0.097     0 0.000 0.000 0.000 -0.074 1.000 4.560 5.790 1.531 0.020 100000
0.412     2 0.000 0.000 0.000 0.146 1.000 4.560 5.790 1.531 0.020 100000
1.059    -1 0.000 0.000 0.000 0.319 1.000 4.560 5.790 1.531 0.020 100000
1.586     0 0.000 0.000 0.000 0.325 1.000 4.560 5.790 1.531 0.020 100000
0.647    -1 0.000 0.000 0.000 -0.266 1.000 4.560 5.790 1.531 0.020 100000
0.760     2 0.000 0.000 0.000 0.108 1.000 4.560 5.790 1.531 0.020 100000
0.709    -1 0.000 0.000 0.000 0.047 1.000 4.560 5.790 1.531 0.020 100000
1.215     0 0.000 0.000 0.000 0.285 1.000 4.560 5.790 1.531 0.020 100000
1.528    -1 0.000 0.000 0.000 0.246 1.000 4.560 5.790 1.531 0.020 100000
1.208    -1 0.000 0.000 0.000 -0.002 1.000 4.560 5.790 1.531 0.020 100000
-0.028     1 0.000 0.000 0.000 -0.429 1.000 4.560 5.790 1.531 0.020 100000
1.060     1 0.000 0.000 0.000 0.472 1.000 4.560 5.790 1.531 0.020 100000
0.424     0 0.000 0.000 0.000 -0.181 1.000 4.560 5.790 1.531 0.020 100000
-0.534     0 0.000 0.000 0.000 -0.379 1.000 4.560 5.790 1.531 0.020 100000
0.416     2 0.000 0.000 0.000 0.366 1.000 4.560 5.790 1.531 0.020 100000
-0.417     0 0.000 0.000 0.000 -0.326 1.000 4.560 5.790 1.531 0.020 100000
-0.042    -2 0.000 0.000 0.000 0.126 1.000 4.560 5.790 1.531 0.020 100000
0.151     1 0.000 0.000 0.000 0.080 1.000 4.560 5.790 1.531 0.020 100000
0.046     0 0.000 0.000 0.000 -0.032 1.000 4.560 5.790 1.531 0.020 100000
-0.651     1 0.000 0.000 0.000 -0.300 1.000 4.560 5.790 1.531 0.020 100000
-0.066     1 0.000 0.000 0.000 0.196 1.000 4.560 5.790 1.531 0.020 100000
0.440    -1 0.000 0.000 0.000 0.215 1.000 4.560 5.790 1.531 0.020 100000
0.696    -2 0.000 0.000 0.000 0.151 1.000 4.560 5.790 1.531 0.020 100000
0.303    -2 0.000 0.000 0.000 -0.108 1.000 4.560 5.790 1.531 0.020 100000
1.053    -2 0.000 0.000 0.000 0.354 1.000 4.560 5.790 1.531 0.020 100000
1.589    -2 0.000 0.000 0.000 0.329 1.000 4.560 5.790 1.531 0.020 100000
0.409     0 0.000 0.000 0.000 -0.371 1.000 4.560 5.790 1.531 0.020 100000
0.649     0 0.000 0.000 0.000 0.141 1.000 4.560 5.790 1.531 0.020 100000
0.842    -2 0.000 0.000 0.000 0.143 1.000 4.560 5.790 1.531 0.020 100000
1.402     1 0.000 0.000 0.000 0.320 1.000 4.560 5.790 1.531 0.020 100000
0.679    -1 0.000 0.000 0.000 -0.188 1.000 4.560 5.790 1.531 0.020 100000
0.293     1 0.000 0.000 0.000 -0.107 1.000 4.560 5.790 1.531 0.020 100000
0.495     1 0.000 0.000 0.000 0.114 1.000 4.560 5.790 1.531 0.020 100000
0.157    -1 0.000 0.000 0.000 -0.103 1.000 4.560 5.790 1.531 0.020 100000
-1.010    -2 0.000 0.000 0.000 -0.495 1.000 4.560 5.790 1.531 0.020 100000
1.255     0 0.000 0.000 0.000 0.896 1.000 4.560 5.790 1.531 0.020 100000
1.230    -1 0.000 0.000 0.000 0.103 1.000 4.560 5.790 1.531 0.020 100000
0.568     0 0.000 0.000 0.000 -0.178 1.000 4.560 5.790 1.531 0.020 100000
0.234     2 0.000 0.000 0.000 -0.094 1.000 4.560 5.790 1.531 0.020 100000
0.595     0 0.000 0.000 0.000 0.179 1.000 4.560 5.790 1.531 0.020 100000
1.217    -1 0.000 0.000 0.000 0.325 1.000 4.560 5.790 1.531 0.020 100000
1.109     0 0.000 0.000 0.000 0.063 1.000 4.560 5.790 1.531 0.020 100000
0.479     1 0.000 0.000 0.000 -0.175 1.000 4.560 5.790 1.531 0.020 100000
1.173     2 0.000 0.000 0.000 0.346 1.000 4.560 5.790 1.531 0.020 100000
1.524     0 0.000 0.000 0.000 0.259 1.000 4.560 5.790 1.531 0.020 100000
0.239     0 0.000 0.000 0.000 -0.422 1.000 4.560 5.790 1.531 0.020 100000
-0.050     2 0.000 0.000 0.000 -0.104 1.000 4.560 5.790 1.531 0.020 100000
0.782     2 0.000 0.000 0.000 0.358 1.000 4.560 5.790 1.531 0.020 100000
0.773     0 0.000 0.000 0.000 0.067 1.000 4.560 5.790 1.531 0.020 100000
1.706     0 0.000 0.000 0.000 0.476 1.000 4.560 5.790 1.531 0.020 100000
1.827    -1 0.000 0.000 0.000 0.207 1.000 4.560 5.790 1.531 0.020 100000
0.765    -1 0.000 0.000 0.000 -0.298 1.000 4.560 5.790 1.531 0.020 100000
-1.358     0 0.000 0.000 0.000 -0.856 1.000 4.560 5.790 1.531 0.020 100000
-0.075     0 0.000 0.000 0.000 0.437 1.000 4.560 5.790 1.531 0.020 100000
-0.296     2 0.000 0.000 0.000 -0.103 1.000 4.560 5.790 1.531 0.020 100000
0.149    -2 0.000 0.000 0.000 0.167 1.000 4.560 5.790 1.531 0.020 100000
-0.553     1 0.000 0.000 0.000 -0.292 1.000 4.560 5.790 1.531 0.020 100000
0.022     0 0.000 0.000 0.000 0.201 1.000 4.560 5.790 1.531 0.020 100000
0.436    -1 0.000 0.000 0.000 0.182 1.000 4.560 5.790 1.531 0.020 100000
1.116    -1 0.000 0.000 0.000 0.336 1.000 4.560 5.790 1.531 0.020 100000
0.617     0 0.000 0.000 0.000 -0.116 1.000 4.560 5.790 1.531 0.020 100000
0.298     0 0.000 0.000 0.000 -0.083 1.000 4.560 5.790 1.531 0.020 100000
0.076     1 0.000 0.000 0.000 -0.070 1.000 4.560 5.790 1.531 0.020 100000
-0.009     0 0.000 0.000 0.000 -0.030 1.000 4.560 5.790 1.531 0.020 100000
0.405     0 0.000 0.000 0.000 0.180 1.000 4.560 5.790 1.531 0.020 100000
-0.736    -1 0.000 0.000 0.000 -0.461 1.000 4.560 5.790 1.531 0.020 100000
1.525     0 0.000 0.000 0.000 0.919 1.000 4.560 5.790 1.531 0.020 100000
1.767    -1 0.000 0.000 0.000 0.244 1.000 4.560 5.790 1.531 0.020 100000
2.117     1 0.000 0.000 0.000 0.312 1.000 4.560 5.790 1.531 0.020 100000
0.609     1 0.000 0.000 0.000 -0.466 1.000 4.560 5.790 1.531 0.020 100000
0.238     1 0.000 0.000 0.000 -0.107 1.000 4.560 5.790 1.531 0.020 100000
0.039     1 0.000 0.000 0.000 -0.065 1.000 4.560 5.790 1.531 0.020 100000
0.427     0 0.000 0.000 0.000 0.173 1.000 4.560 5.790 1.531 0.020 100000
0.213    -1 0.000 0.000 0.000 -0.055 1.000 4.560 5.790 1.531 0.020 100000
0.547     1 0.000 0.000 0.000 0.165 1.000 4.560 5.790 1.531 0.020 100000
0.595     0 0.000 0.000 0.000 0.071 1.000 4.560 5.790 1.531 0.020 100000
0.338    -1 0.000 0.000 0.000 -0.058 1.000 4.560 5.790 1.531 0.020 100000
0.559    -1 0.000 0.000 0.000 0.127 1.000 4.560 5.790 1.531 0.020 100000
0.712     0 0.000 0.000 0.000 0.117 1.000 4.560 5.790 1.531 0.020 100000
1.880    -2 0.000 0.000 0.000 0.573 1.000 4.560 5.790 1.531 0.020 100000
1.479     0 0.000 0.000 0.000 -0.005 1.000 4.560 5.790 1.531 0.020 100000
2.226    -3 0.000 0.000 0.000 0.459 1.000 4.560 5.790 1.531 0.020 100000
1.683     0 0.000 0.000 0.000 -0.035 1.000 4.560 5.790 1.531 0.020 100000
0.820     0 0.000 0.000 0.000 -0.224 1.000 4.560 5.790 1.531 0.020 100000
0.184     3 0.000 0.000 0.000 -0.203 1.000 4.560 5.790 1.531 0.020 100000
-0.211     0 0.000 0.000 0.000 -0.156 1.000 4.560 5.790 1.531 0.020 100000
-0.881     0 0.000 0.000 0.000 -0.311 1.000 4.560 5.790 1.531 0.020 100000
-2.636     0 0.000 0.000 0.000 -0.845 1.000 4.560 5.790 1.531 0.020 100000
-6.026     2 0.000 0.000 0.000 -1.716 1.000 4.560 5.790 1.531 0.020 100000
-3.179    -1 0.000 0.000 0.000 0.696 1.000 4.560 5.790 1.531 0.020 100000
-0.857    -4 0.000 0.000 0.000 0.725 1.000 4.560 5.790 1.531 0.020 100000
1.737    -6 0.000 0.000 0.000 1.053 1.000 4.560 5.790 1.531 0.020 100000
3.313    -3 0.000 0.000 0.000 0.844 1.000 4.560 5.790 1.531 0.020 100000
2.843    -3 0.000 0.000 0.000 0.095 1.000 4.560 5.790 1.531 0.020 100000
2.398     0 0.000 0.000 0.000 0.063 1.000 4.560 5.790 1.531 0.020 100000
1.525     2 0.000 0.000 0.000 -0.164 1.000 4.560 5.790 1.531 0.020 100000
0.993     0 0.000 0.000 0.000 -0.094 1.000 4.560 5.790 1.531 0.020 100000
-0.340     0 0.000 0.000 0.000 -0.491 1.000 4.560 5.790 1.531 0.020 100000
0.361    -1 0.000 0.000 0.000 0.275 1.000 4.560 5.790 1.531 0.020 100000
0.589     0 0.000 0.000 0.000 0.132 1.000 4.560 5.790 1.531 0.020 100000
0.412     0 0.000 0.000 0.000 -0.024 1.000 4.560 5.790 1.531 0.020 100000
0.861    -1 0.000 0.000 0.000 0.233 1.000 4.560 5.790 1.531 0.020 100000
2.101     0 0.000 0.000 0.000 0.618 1.000 4.560 5.790 1.531 0.020 100000
2.404    -1 0.000 0.000 0.000 0.322 1.000 4.560 5.790 1.531 0.020 100000
3.310     0 0.000 0.000 0.000 0.612 1.000 4.560 5.790 1.531 0.020 100000
10.984     1 0.000 0.000 0.000 3.645 1.000 4.560 5.790 1.531 0.020 100000
65.168     3 0.000 0.000 0.000 24.614 1.000 4.560 5.790 1.531 0.020 100000
113.173     1 0.000 0.000 0.000 26.822 1.000 4.560 5.790 1.531 0.020 100000
88.669     1 0.000 0.000 0.000 -0.446 1.000 4.560 5.790 1.531 0.020 100000
17.244    -3 0.000 0.000 0.000 -23.117 1.000 4.560 5.790 1.531 0.020 100000
-56.442     5 0.000 0.000 0.000 -30.563 1.000 4.560 5.790 1.531 0.020 100000
-105.184    22 0.000 0.000 0.000 -26.354 1.000 4.560 5.790 1.531 0.020 100000
-122.653    -6 0.000 0.000 0.000 -17.129 1.000 4.560 5.790 1.531 0.020 100000
16.544    -6 0.000 0.000 0.000 49.588 1.000 4.560 5.790 1.531 0.020 100000
99.710    -6 0.000 0.000 0.000 37.752 1.000 4.560 5.790 1.531 0.020 100000
161.219    -6 0.000 0.000 0.000 35.833 1.000 4.560 5.790 1.531 0.020 100000
220.183    -6 0.000 0.000 0.000 40.287 1.000 4.560 5.790 1.531 0.020 100000
239.385    -5 0.000 0.000 0.000 28.287 1.000 4.560 5.790 1.531 0.020 100000
252.150    -5 0.000 0.000 0.000 27.217 1.000 4.560 5.790 1.531 0.020 100000
265.568   -10 0.000 0.000 0.000 28.656 1.000 4.560 5.790 1.531 0.020 100000
198.786   -25 0.000 0.000 0.000 -5.092 1.000 4.560 5.790 1.531 0.020 100000
100.866   -25 0.000 0.000 0.000 -24.707 1.000 4.560 5.790 1.531 0.020 100000
62.244   -28 0.000 0.000 0.000 -7.714 1.000 4.560 5.790 1.531 0.020 100000
13.157   -28 0.000 0.000 0.000 -15.769 1.000 4.560 5.790 1.531 0.020 100000
-18.774   -25 0.000 0.000 0.000 -12.730 1.000 4.560 5.790 1.531 0.020 100000
-5.450   -26 0.000 0.000 0.000 4.111 1.000 4.560 5.790 1.531 0.020 100000
74.939   -27 0.000 0.000 0.000 34.552 1.000 4.560 5.790 1.531 0.020 100000
120.400   -28 0.000 0.000 0.000 26.597 1.000 4.560 5.790 1.531 0.020 100000
140.918   -26 0.000 0.000 0.000 19.835 1.000 4.560 5.790 1.531 0.020 100000
142.528   -29 0.000 0.000 0.000 13.448 1.000 4.560 5.790 1.531 0.020 100000
119.523   -29 0.000 0.000 0.000 2.863 1.000 4.560 5.790 1.531 0.020 100000
60.854   -26 0.000 0.000 0.000 -14.766 1.000 4.560 5.790 1.531 0.020 100000
-11.698   -26 0.000 0.000 0.000 -26.124 1.000 4.560 5.790 1.531 0.020 100000
-86.375   -26 0.000 0.000 0.000 -33.613 1.000 4.560 5.790 1.531 0.020 100000
-162.663   -27 0.000 0.000 0.000 -41.070 1.000 4.560 5.790 1.531 0.020 100000
-233.531   -29 0.000 0.000 0.000 -45.607 1.000 4.560 5.790 1.531 0.020 100000
-303.462    -5 0.000 0.000 0.000 -51.609 1.000 4.560 5.790 1.531 0.020 100000
-360.009    -5 0.000 0.000 0.000 -52.099 1.000 4.560 5.790 1.531 0.020 100000
-375.821    -6 0.000 0.000 0.000 -39.456 1.000 4.560 5.790 1.531 0.020 100000
-368.245    -7 0.000 0.000 0.000 -30.690 1.000 4.560 5.790 1.531 0.020 100000
-349.495    -7 0.000 0.000 0.000 -25.134 1.000 4.560 5.790 1.531 0.020 100000
-328.079    -7 0.000 0.000 0.000 -22.276 1.000 4.560 5.790 1.531 0.020 100000
-310.250    -7 0.000 0.000 0.000 -21.902 1.000 4.560 5.790 1.531 0.020 100000
-312.807    -7 0.000 0.000 0.000 -29.177 1.000 4.560 5.790 1.531 0.020 100000
-311.637    -7 0.000 0.000 0.000 -27.783 1.000 4.560 5.790 1.531 0.020 100000
-356.563    -7 0.000 0.000 0.000 -47.773 1.000 4.560 5.790 1.531 0.020 100000
-494.213    -7 0.000 0.000 0.000 -92.259 1.000 4.560 5.790 1.531 0.020 100000
-566.471    -7 0.000 0.000 0.000 -76.202 1.000 4.560 5.790 1.531 0.020 100000
-520.223    -7 0.000 0.000 0.000 -31.076 1.000 4.560 5.790 1.531 0.020 100000
-457.614    -7 0.000 0.000 0.000 -19.760 1.000 4.560 5.790 1.531 0.020 100000
-387.378    -7 0.000 0.000 0.000 -10.772 1.000 4.560 5.790 1.531 0.020 100000
-329.173    -7 0.000 0.000 0.000 -9.664 1.000 4.560 5.790 1.531 0.020 100000
-289.691    -7 0.000 0.000 0.000 -12.562 1.000 4.560 5.790 1.531 0.020 100000
-274.204    -7 0.000 0.000 0.000 -19.451 1.000 4.560 5.790 1.531 0.020 100000
-266.494    -7 0.000 0.000 0.000 -21.441 1.000 4.560 5.790 1.531 0.020 100000
-215.815    -7 0.000 0.000 0.000 -2.011 1.000 4.560 5.790 1.531 0.020 100000
-173.605    -7 0.000 0.000 0.000 -1.119 1.000 4.560 5.790 1.531 0.020 100000
-191.191    -7 0.000 0.000 0.000 -23.369 1.000 4.560 5.790 1.531 0.020 100000
-177.250    -7 0.000 0.000 0.000 -11.216 1.000 4.560 5.790 1.531 0.020 100000
-145.625    -7 0.000 0.000 0.000 -2.245 1.000 4.560 5.790 1.531 0.020 100000
-115.296    -7 0.000 0.000 0.000 0.050 1.000 4.560 5.790 1.531 0.020 100000
12.121    -7 0.000 0.000 0.000 45.118 1.000 4.560 5.790 1.531 0.020 100000
179.284    -7 0.000 0.000 0.000 73.970 1.000 4.560 5.790 1.531 0.020 100000
289.628    -7 0.000 0.000 0.000 64.320 1.000 4.560 5.790 1.531 0.020 100000
400.051    -4 0.000 0.000 0.000 74.335 1.000 4.560 5.790 1.531 0.020 100000
548.852    -3 0.000 0.000 0.000 101.053 1.000 4.560 5.790 1.531 0.020 100000
657.555    -4 0.000 0.000 0.000 97.032 1.000 4.560 5.790 1.531 0.020 100000
710.479    -3 0.000 0.000 0.000 82.547 1.000 4.560 5.790 1.531 0.020 100000
661.183   -17 0.000 0.000 0.000 42.773 1.000 4.560 5.790 1.531 0.020 100000
531.808   -17 0.000 0.000 0.000 3.404 1.000 4.560 5.790 1.531 0.020 100000
380.440   -23 0.000 0.000 0.000 -17.886 1.000 4.560 5.790 1.531 0.020 100000
256.688   -26 0.000 0.000 0.000 -19.538 1.000 4.560 5.790 1.531 0.020 100000
222.921   -27 0.000 0.000 0.000 8.497 1.000 4.560 5.790 1.531 0.020 100000
229.395   -27 0.000 0.000 0.000 22.986 1.000 4.560 5.790 1.531 0.020 100000
248.954   -25 0.000 0.000 0.000 29.275 1.000 4.560 5.790 1.531 0.020 100000
362.393   -25 0.000 0.000 0.000 71.971 1.000 4.560 5.790 1.531 0.020 100000
429.722   -24 0.000 0.000 0.000 62.130 1.000 4.560 5.790 1.531 0.020 100000
389.902   -28 0.000 0.000 0.000 21.509 1.000 4.560 5.790 1.531 0.020 100000
369.884   -29 0.000 0.000 0.000 26.540 1.000 4.560 5.790 1.531 0.020 100000
370.269   -25 0.000 0.000 0.000 33.624 1.000 4.560 5.790 1.531 0.020 100000
297.781   -25 0.000 0.000 0.000 1.890 1.000 4.560 5.790 1.531 0.020 100000
145.412   -26 0.000 0.000 0.000 -39.490 1.000 4.560 5.790 1.531 0.020 100000
-24.359   -26 0.000 0.000 0.000 -60.858 1.000 4.560 5.790 1.531 0.020 100000
-180.978   -25 0.000 0.000 0.000 -70.480 1.000 4.560 5.790 1.531 0.020 100000
-315.485   -27 0.000 0.000 0.000 -75.007 1.000 4.560 5.790 1.531 0.020 100000
-385.127    -8 0.000 0.000 0.000 -58.896 1.000 4.560 5.790 1.531 0.020 100000
-382.274    -3 0.000 0.000 0.000 -33.591 1.000 4.560 5.790 1.531 0.020 100000
-330.941    -5 0.000 0.000 0.000 -12.198 1.000 4.560 5.790 1.531 0.020 100000
-272.159    -3 0.000 0.000 0.000 -4.308 1.000 4.560 5.790 1.531 0.020 100000
-229.353    -3 0.000 0.000 0.000 -5.956 1.000 4.560 5.790 1.531 0.020 100000
-211.874    -7 0.000 0.000 0.000 -13.125 1.000 4.560 5.790 1.531 0.020 100000
-200.994    -7 0.000 0.000 0.000 -14.421 1.000 4.560 5.790 1.531 0.020 100000
-171.434    -7 0.000 0.000 0.000 -5.294 1.000 4.560 5.790 1.531 0.020 100000
-203.888    -7 0.000 0.000 0.000 -29.654 1.000 4.560 5.790 1.531 0.020 100000
-212.045    -7 0.000 0.000 0.000 -21.997 1.000 4.560 5.790 1.531 0.020 100000
-211.303    -7 0.000 0.000 0.000 -18.856 1.000 4.560 5.790 1.531 0.020 100000
-194.146    -7 0.000 0.000 0.000 -11.633 1.000 4.560 5.790 1.531 0.020 100000
-167.204    -7 0.000 0.000 0.000 -5.815 1.000 4.560 5.790 1.531 0.020 100000
-170.331    -7 0.000 0.000 0.000 -16.487 1.000 4.560 5.790 1.531 0.020 100000
-169.452    -7 0.000 0.000 0.000 -15.023 1.000 4.560 5.790 1.531 0.020 100000
-152.128    -7 0.000 0.000 0.000 -7.775 1.000 4.560 5.790 1.531 0.020 100000
-128.211    -7 0.000 0.000 0.000 -3.333 1.000 4.560 5.790 1.531 0.020 100000
-117.087    -7 0.000 0.000 0.000 -6.747 1.000 4.560 5.790 1.531 0.020 100000
-104.641    -7 0.000 0.000 0.000 -5.165 1.000 4.560 5.790 1.531 0.020 100000
-56.849    -7 0.000 0.000 0.000 11.370 1.000 4.560 5.790 1.531 0.020 100000
30.453    -7 0.000 0.000 0.000 32.917 1.000 4.560 5.790 1.531 0.020 100000
99.596    -7 0.000 0.000 0.000 32.897 1.000 4.560 5.790 1.531 0.020 100000
129.877    -7 0.000 0.000 0.000 22.209 1.000 4.560 5.790 1.531 0.020 100000
84.084    -2 0.000 0.000 0.000 -8.216 1.000 4.560 5.790 1.531 0.020 100000
6.781    -5 0.000 0.000 0.000 -26.095 1.000 4.560 5.790 1.531 0.020 100000
-38.903    -6 0.000 0.000 0.000 -19.302 1.000 4.560 5.790 1.531 0.020 100000
8.767    -6 0.000 0.000 0.000 17.262 1.000 4.560 5.790 1.531 0.020 100000
98.148    -6 0.000 0.000 0.000 39.758 1.000 4.560 5.790 1.531 0.020 100000
136.990    -5 0.000 0.000 0.000 25.811 1.000 4.560 5.790 1.531 0.020 100000
121.404    -7 0.000 0.000 0.000 5.596 1.000 4.560 5.790 1.531 0.020 100000
110.384    -5 0.000 0.000 0.000 6.177 1.000 4.560 5.790 1.531 0.020 100000
46.416    -4 0.000 0.000 0.000 -17.902 1.000 4.560 5.790 1.531 0.020 100000
-69.094    -4 0.000 0.000 0.000 -46.158 1.000 4.560 5.790 1.531 0.020 100000
-185.098    -4 0.000 0.000 0.000 -56.821 1.000 4.560 5.790 1.531 0.020 100000
-299.985    -2 0.000 0.000 0.000 -66.826 1.000 4.560 5.790 1.531 0.020 100000
-377.091    -3 0.000 0.000 0.000 -60.748 1.000 4.560 5.790 1.531 0.020 100000
-396.900    -5 0.000 0.000 0.000 -42.743 1.000 4.560 5.790 1.531 0.020 100000
-385.298    -5 0.000 0.000 0.000 -30.842 1.000 4.560 5.790 1.531 0.020 100000
-312.667    -4 0.000 0.000 0.000 -3.187 1.000 4.560 5.790 1.531 0.020 100000
-181.829    -7 0.000 0.000 0.000 28.757 1.000 4.560 5.790 1.531 0.020 100000
-12.694    -7 0.000 0.000 0.000 57.287 1.000 4.560 5.790 1.531 0.020 100000
165.155    -7 0.000 0.000 0.000 76.384 1.000 4.560 5.790 1.531 0.020 100000
292.714    -7 0.000 0.000 0.000 70.547 1.000 4.560 5.790 1.531 0.020 100000
338.787    -7 0.000 0.000 0.000 46.561 1.000 4.560 5.790 1.531 0.020 100000
280.392    -4 0.000 0.000 0.000 5.186 1.000 4.560 5.790 1.531 0.020 100000
173.867    -4 0.000 0.000 0.000 -21.077 1.000 4.560 5.790 1.531 0.020 100000
57.215    -5 0.000 0.000 0.000 -35.127 1.000 4.560 5.790 1.531 0.020 100000
-46.521   -27 0.000 0.000 0.000 -40.048 1.000 4.560 5.790 1.531 0.020 100000
-106.604   -25 0.000 0.000 0.000 -30.401 1.000 4.560 5.790 1.531 0.020 100000
-101.682   -23 0.000 0.000 0.000 -7.497 1.000 4.560 5.790 1.531 0.020 100000
-26.785   -16 0.000 0.000 0.000 23.454 1.000 4.560 5.790 1.531 0.020 100000
79.376    -6 0.000 0.000 0.000 43.857 1.000 4.560 5.790 1.531 0.020 100000
200.330    -1 0.000 0.000 0.000 59.909 1.000 4.560 5.790 1.531 0.020 100000
287.541    -5 0.000 0.000 0.000 56.139 1.000 4.560 5.790 1.531 0.020 100000
319.589   -12 0.000 0.000 0.000 39.979 1.000 4.560 5.790 1.531 0.020 100000
255.456   -25 0.000 0.000 0.000 0.948 1.000 4.560 5.790 1.531 0.020 100000
96.369   -25 0.000 0.000 0.000 -46.247 1.000 4.560 5.790 1.531 0.020 100000
-84.713   -26 0.000 0.000 0.000 -70.225 1.000 4.560 5.790 1.531 0.020 100000
-237.749   -27 0.000 0.000 0.000 -74.378 1.000 4.560 5.790 1.531 0.020 100000
-319.416   -28 0.000 0.000 0.000 -57.106 1.000 4.560 5.790 1.531 0.020 100000
-321.755    -8 0.000 0.000 0.000 -29.911 1.000 4.560 5.790 1.531 0.020 100000
-221.508    -6 0.000 0.000 0.000 14.599 1.000 4.560 5.790 1.531 0.020 100000
-44.099    -5 0.000 0.000 0.000 57.305 1.000 4.560 5.790 1.531 0.020 100000
159.302    -5 0.000 0.000 0.000 84.683 1.000 4.560 5.790 1.531 0.020 100000
312.207    -3 0.000 0.000 0.000 81.067 1.000 4.560 5.790 1.531 0.020 100000
365.497    -5 0.000 0.000 0.000 51.470 1.000 4.560 5.790 1.531 0.020 100000
318.490    -5 0.000 0.000 0.000 12.567 1.000 4.560 5.790 1.531 0.020 100000
188.978    -5 0.000 0.000 0.000 -27.653 1.000 4.560 5.790 1.531 0.020 100000
-23.208    -5 0.000 0.000 0.000 -75.408 1.000 4.560 5.790 1.531 0.020 100000
-272.618    -6 0.000 0.000 0.000 -110.828 1.000 4.560 5.790 1.531 0.020 100000
-372.516    -6 0.000 0.000 0.000 -68.208 1.000 4.560 5.790 1.531 0.020 100000
-288.698    -7 0.000 0.000 0.000 2.846 1.000 4.560 5.790 1.531 0.020 100000
-124.518    -7 0.000 0.000 0.000 45.460 1.000 4.560 5.790 1.531 0.020 100000
36.098    -7 0.000 0.000 0.000 58.757 1.000 4.560 5.790 1.531 0.020 100000
174.010    -7 0.000 0.000 0.000 63.387 1.000 4.560 5.790 1.531 0.020 100000
306.206    -7 0.000 0.000 0.000 73.369 1.000 4.560 5.790 1.531 0.020 100000
408.817    -4 0.000 0.000 0.000 72.429 1.000 4.560 5.790 1.531 0.020 100000
422.505    -5 0.000 0.000 0.000 42.945 1.000 4.560 5.790 1.531 0.020 100000
336.573    -5 0.000 0.000 0.000 0.754 1.000 4.560 5.790 1.531 0.020 100000
190.256    -4 0.000 0.000 0.000 -33.343 1.000 4.560 5.790 1.531 0.020 100000
15.876    -4 0.000 0.000 0.000 -58.811 1.000 4.560 5.790 1.531 0.020 100000
-103.430     2 0.000 0.000 0.000 -50.575 1.000 4.560 5.790 1.531 0.020 100000
-89.634   -22 0.000 0.000 0.000 -3.341 1.000 4.560 5.790 1.531 0.020 100000
19.093   -26 0.000 0.000 0.000 39.291 1.000 4.560 5.790 1.531 0.020 100000
157.159    -4 0.000 0.000 0.000 61.916 1.000 4.560 5.790 1.531 0.020 100000
299.023    -7 0.000 0.000 0.000 76.060 1.000 4.560 5.790 1.531 0.020 100000
414.106    -8 0.000 0.000 0.000 77.217 1.000 4.560 5.790 1.531 0.020 100000
444.836   -23 0.000 0.000 0.000 50.852 1.000 4.560 5.790 1.531 0.020 100000
366.565   -25 0.000 0.000 0.000 6.114 1.000 4.560 5.790 1.531 0.020 100000
202.572   -27 0.000 0.000 0.000 -38.336 1.000 4.560 5.790 1.531 0.020 100000
26.672   -26 0.000 0.000 0.000 -58.360 1.000 4.560 5.790 1.531 0.020 100000
-90.226   -26 0.000 0.000 0.000 -48.548 1.000 4.560 5.790 1.531 0.020 100000
-176.113   -25 0.000 0.000 0.000 -45.603 1.000 4.560 5.790 1.531 0.020 100000
-295.449   -25 0.000 0.000 0.000 -67.953 1.000 4.560 5.790 1.531 0.020 100000
-406.706    -8 0.000 0.000 0.000 -75.225 1.000 4.560 5.790 1.531 0.020 100000
-450.958    -7 0.000 0.000 0.000 -56.078 1.000 4.560 5.790 1.531 0.020 100000
-418.403    -7 0.000 0.000 0.000 -26.597 1.000 4.560 5.790 1.531 0.020 100000
-341.094    -7 0.000 0.000 0.000 -4.142 1.000 4.560 5.790 1.531 0.020 100000
-242.206    -7 0.000 0.000 0.000 12.258 1.000 4.560 5.790 1.531 0.020 100000
-220.713    -7 0.000 0.000 0.000 -12.538 1.000 4.560 5.790 1.531 0.020 100000
-190.842    -7 0.000 0.000 0.000 -6.941 1.000 4.560 5.790 1.531 0.020 100000
-123.318    -7 0.000 0.000 0.000 12.175 1.000 4.560 5.790 1.531 0.020 100000
-68.234    -7 0.000 0.000 0.000 12.859 1.000 4.560 5.790 1.531 0.020 100000
-24.320    -7 0.000 0.000 0.000 12.972 1.000 4.560 5.790 1.531 0.020 100000
53.805    -7 0.000 0.000 0.000 31.858 1.000 4.560 5.790 1.531 0.020 100000
87.365    -7 0.000 0.000 0.000 19.497 1.000 4.560 5.790 1.531 0.020 100000
38.492    -7 0.000 0.000 0.000 -13.404 1.000 4.560 5.790 1.531 0.020 100000
-45.839    -4 0.000 0.000 0.000 -33.282 1.000 4.560 5.790 1.531 0.020 100000
-196.867    -3 0.000 0.000 0.000 -69.986 1.000 4.560 5.790 1.531 0.020 100000
-373.258    -6 0.000 0.000 0.000 -94.703 1.000 4.560 5.790 1.531 0.020 100000
-480.221    -6 0.000 0.000 0.000 -80.391 1.000 4.560 5.790 1.531 0.020 100000
-514.749    -7 0.000 0.000 0.000 -58.488 1.000 4.560 5.790 1.531 0.020 100000
-546.811    -7 0.000 0.000 0.000 -60.536 1.000 4.560 5.790 1.531 0.020 100000
-539.338    -7 0.000 0.000 0.000 -46.201 1.000 4.560 5.790 1.531 0.020 100000
-459.668    -7 0.000 0.000 0.000 -14.052 1.000 4.560 5.790 1.531 0.020 100000
-356.184    -7 0.000 0.000 0.000 3.536 1.000 4.560 5.790 1.531 0.020 100000
-285.019    -7 0.000 0.000 0.000 -1.193 1.000 4.560 5.790 1.531 0.020 100000
-261.209    -7 0.000 0.000 0.000 -15.400 1.000 4.560 5.790 1.531 0.020 100000
-268.759    -7 0.000 0.000 0.000 -26.918 1.000 4.560 5.790 1.531 0.020 100000
-305.210    -8 0.000 0.000 0.000 -40.200 1.000 4.560 5.790 1.531 0.020 100000
-344.697    -8 0.000 0.000 0.000 -44.820 1.000 4.560 5.790 1.531 0.020 100000
-359.696    -8 0.000 0.000 0.000 -37.717 1.000 4.560 5.790 1.531 0.020 100000
-370.887    -8 0.000 0.000 0.000 -37.413 1.000 4.560 5.790 1.531 0.020 100000
-379.891    -8 0.000 0.000 0.000 -37.472 1.000 4.560 5.790 1.531 0.020 100000
-351.171    -8 0.000 0.000 0.000 -21.841 1.000 4.560 5.790 1.531 0.020 100000
-321.311    -8 0.000 0.000 0.000 -18.746 1.000 4.560 5.790 1.531 0.020 100000
-328.879    -8 0.000 0.000 0.000 -32.362 1.000 4.560 5.790 1.531 0.020 100000
-300.741    -8 0.000 0.000 0.000 -17.480 1.000 4.560 5.790 1.531 0.020 100000
-219.795    -8 0.000 0.000 0.000 8.086 1.000 4.560 5.790 1.531 0.020 100000
-107.118    -8 0.000 0.000 0.000 29.240 1.000 4.560 5.790 1.531 0.020 100000
15.481    -8 0.000 0.000 0.000 43.757 1.000 4.560 5.790 1.531 0.020 100000
115.159    -8 0.000 0.000 0.000 44.854 1.000 4.560 5.790 1.531 0.020 100000
166.136    -8 0.000 0.000 0.000 32.639 1.000 4.560 5.790 1.531 0.020 100000
204.717    -6 0.000 0.000 0.000 31.846 1.000 4.560 5.790 1.531 0.020 100000
241.987    -5 0.000 0.000 0.000 34.764 1.000 4.560 5.790 1.531 0.020 100000
275.600    -4 0.000 0.000 0.000 36.541 1.000 4.560 5.790 1.531 0.020 100000
338.000    -4 0.000 0.000 0.000 52.131 1.000 4.560 5.790 1.531 0.020 100000
412.822    -6 0.000 0.000 0.000 63.190 1.000 4.560 5.790 1.531 0.020 100000
477.782    -3 0.000 0.000 0.000 65.659 1.000 4.560 5.790 1.531 0.020 100000
558.334    -3 0.000 0.000 0.000 78.331 1.000 4.560 5.790 1.531 0.020 100000
633.309   -16 0.000 0.000 0.000 83.186 1.000 4.560 5.790 1.531 0.020 100000
728.677   -25 0.000 0.000 0.000 98.858 1.000 4.560 5.790 1.531 0.020 100000
862.112   -26 0.000 0.000 0.000 124.079 1.000 4.560 5.790 1.531 0.020 100000
1024.975   -27 0.000 0.000 0.000 148.977 1.000 4.560 5.790 1.531 0.020 100000
1223.233   -26 0.000 0.000 0.000 179.138 1.000 4.560 5.790 1.531 0.020 100000
1438.715   -25 0.000 0.000 0.000 204.580 1.000 4.560 5.790 1.531 0.020 100000
1578.121   -24 0.000 0.000 0.000 190.905 1.000 4.560 5.790 1.531 0.020 100000
1630.722   -25 0.000 0.000 0.000 165.672 1.000 4.560 5.790 1.531 0.020 100000
1677.797   -25 0.000 0.000 0.000 168.021 1.000 4.560 5.790 1.531 0.020 100000
1789.373   -26 0.000 0.000 0.000 200.398 1.000 4.560 5.790 1.531 0.020 100000
1949.098   -24 0.000 0.000 0.000 231.480 1.000 4.560 5.790 1.531 0.020 100000
2157.213   -24 0.000 0.000 0.000 267.022 1.000 4.560 5.790 1.531 0.020 100000
2407.808   -27 0.000 0.000 0.000 304.365 1.000 4.560 5.790 1.531 0.020 100000
2618.253   -24 0.000 0.000 0.000 309.529 1.000 4.560 5.790 1.531 0.020 100000
2721.497   -27 0.000 0.000 0.000 281.829 1.000 4.560 5.790 1.531 0.020 100000
2731.387   -26 0.000 0.000 0.000 250.471 1.000 4.560 5.790 1.531 0.020 100000
2669.568   -24 0.000 0.000 0.000 220.104 1.000 4.560 5.790 1.531 0.020 100000
2539.072   -26 0.000 0.000 0.000 184.574 1.000 4.560 5.790 1.531 0.020 100000
2289.458   -26 0.000 0.000 0.000 120.842 1.000 4.560 5.790 1.531 0.020 100000
1862.728   -25 0.000 0.000 0.000 21.051 1.000 4.560 5.790 1.531 0.020 100000
1319.486   -26 0.000 0.000 0.000 -68.339 1.000 4.560 5.790 1.531 0.020 100000
769.538   -29 0.000 0.000 0.000 -120.399 1.000 4.560 5.790 1.531 0.020 100000
328.979   -29 0.000 0.000 0.000 -122.454 1.000 4.560 5.790 1.531 0.020 100000
80.297   -26 0.000 0.000 0.000 -78.655 1.000 4.560 5.790 1.531 0.020 100000
-46.607   -27 0.000 0.000 0.000 -48.060 1.000 4.560 5.790 1.531 0.020 100000
-194.589   -26 0.000 0.000 0.000 -68.727 1.000 4.560 5.790 1.531 0.020 100000
-401.500   -26 0.000 0.000 0.000 -107.802 1.000 4.560 5.790 1.531 0.020 100000
-627.960    -6 0.000 0.000 0.000 -135.040 1.000 4.560 5.790 1.531 0.020 100000
-841.959    -7 0.000 0.000 0.000 -150.090 1.000 4.560 5.790 1.531 0.020 100000
-1099.329    -7 0.000 0.000 0.000 -188.354 1.000 4.560 5.790 1.531 0.020 100000
-1420.875    -7 0.000 0.000 0.000 -239.610 1.000 4.560 5.790 1.531 0.020 100000
-1722.523    -7 0.000 0.000 0.000 -260.020 1.000 4.560 5.790 1.531 0.020 100000
-1928.349    -7 0.000 0.000 0.000 -245.531 1.000 4.560 5.790 1.531 0.020 100000
-2028.185    -7 0.000 0.000 0.000 -217.942 1.000 4.560 5.790 1.531 0.020 100000
-2050.872    -7 0.000 0.000 0.000 -193.340 1.000 4.560 5.790 1.531 0.020 100000
-2021.248    -7 0.000 0.000 0.000 -172.587 1.000 4.560 5.790 1.531 0.020 100000
-1966.738    -7 0.000 0.000 0.000 -159.058 1.000 4.560 5.790 1.531 0.020 100000
-1887.621    -7 0.000 0.000 0.000 -143.401 1.000 4.560 5.790 1.531 0.020 100000
-1778.892    -7 0.000 0.000 0.000 -123.335 1.000 4.560 5.790 1.531 0.020 100000
-1662.162    -7 0.000 0.000 0.000 -110.013 1.000 4.560 5.790 1.531 0.020 100000
-1570.914    -7 0.000 0.000 0.000 -110.564 1.000 4.560 5.790 1.531 0.020 100000
-1519.714    -7 0.000 0.000 0.000 -119.769 1.000 4.560 5.790 1.531 0.020 100000
-1508.785    -7 0.000 0.000 0.000 -132.694 1.000 4.560 5.790 1.531 0.020 100000
-1510.016    -7 0.000 0.000 0.000 -137.006 1.000 4.560 5.790 1.531 0.020 100000
-1484.498    -7 0.000 0.000 0.000 -125.456 1.000 4.560 5.790 1.531 0.020 100000
-1410.187    -7 0.000 0.000 0.000 -101.878 1.000 4.560 5.790 1.531 0.020 100000
-1312.481    -7 0.000 0.000 0.000 -84.957 1.000 4.560 5.790 1.531 0.020 100000
-1190.938    -7 0.000 0.000 0.000 -65.728 1.000 4.560 5.790 1.531 0.020 100000
-1011.719    -7 0.000 0.000 0.000 -29.591 1.000 4.560 5.790 1.531 0.020 100000
-779.430    -7 0.000 0.000 0.000 9.755 1.000 4.560 5.790 1.531 0.020 100000
-537.276    -7 0.000 0.000 0.000 35.066 1.000 4.560 5.790 1.531 0.020 100000
-338.797    -7 0.000 0.000 0.000 37.929 1.000 4.560 5.790 1.531 0.020 100000
-233.276    -7 0.000 0.000 0.000 15.357 1.000 4.560 5.790 1.531 0.020 100000
-243.842    -7 0.000 0.000 0.000 -25.706 1.000 4.560 5.790 1.531 0.020 100000
-326.772    -7 0.000 0.000 0.000 -58.208 1.000 4.560 5.790 1.531 0.020 100000
-372.813    -7 0.000 0.000 0.000 -49.628 1.000 4.560 5.790 1.531 0.020 100000
-320.814    -7 0.000 0.000 0.000 -11.053 1.000 4.560 5.790 1.531 0.020 100000
-221.435    -7 0.000 0.000 0.000 14.306 1.000 4.560 5.790 1.531 0.020 100000
-132.233    -7 0.000 0.000 0.000 18.858 1.000 4.560 5.790 1.531 0.020 100000
-86.446    -7 0.000 0.000 0.000 8.000 1.000 4.560 5.790 1.531 0.020 100000
-95.406    -7 0.000 0.000 0.000 -11.725 1.000 4.560 5.790 1.531 0.020 100000
-140.587    -7 0.000 0.000 0.000 -28.326 1.000 4.560 5.790 1.531 0.020 100000
-177.744    -7 0.000 0.000 0.000 -28.914 1.000 4.560 5.790 1.531 0.020 100000
-195.075    -7 0.000 0.000 0.000 -23.633 1.000 4.560 5.790 1.531 0.020 100000
-180.359    -7 0.000 0.000 0.000 -11.229 1.000 4.560 5.790 1.531 0.020 100000
-129.432    -7 0.000 0.000 0.000 5.888 1.000 4.560 5.790 1.531 0.020 100000
-85.336    -7 0.000 0.000 0.000 7.516 1.000 4.560 5.790 1.531 0.020 100000
-112.369    -7 0.000 0.000 0.000 -19.503 1.000 4.560 5.790 1.531 0.020 100000
-179.019    -7 0.000 0.000 0.000 -39.220 1.000 4.560 5.790 1.531 0.020 100000
-252.993    -7 0.000 0.000 0.000 -48.440 1.000 4.560 5.790 1.531 0.020 100000
-353.049    -7 0.000 0.000 0.000 -66.502 1.000 4.560 5.790 1.531 0.020 100000
-419.188    -7 0.000 0.000 0.000 -60.766 1.000 4.560 5.790 1.531 0.020 100000
-400.439    -7 0.000 0.000 0.000 -29.742 1.000 4.560 5.790 1.531 0.020 100000
-322.974    -7 0.000 0.000 0.000 -2.449 1.000 4.560 5.790 1.531 0.020 100000
-215.174    -7 0.000 0.000 0.000 17.782 1.000 4.560 5.790 1.531 0.020 100000
-163.896    -7 0.000 0.000 0.000 2.892 1.000 4.560 5.790 1.531 0.020 100000
-115.595    -7 0.000 0.000 0.000 6.232 1.000 4.560 5.790 1.531 0.020 100000
-42.018    -7 0.000 0.000 0.000 21.620 1.000 4.560 5.790 1.531 0.020 100000
74.671    -7 0.000 0.000 0.000 47.070 1.000 4.560 5.790 1.531 0.020 100000
196.845    -7 0.000 0.000 0.000 60.015 1.000 4.560 5.790 1.531 0.020 100000
281.965    -8 0.000 0.000 0.000 54.912 1.000 4.560 5.790 1.531 0.020 100000
296.182    -6 0.000 0.000 0.000 31.701 1.000 4.560 5.790 1.531 0.020 100000
247.537    -4 0.000 0.000 0.000 5.583 1.000 4.560 5.790 1.531 0.020 100000
197.155    -4 0.000 0.000 0.000 0.426 1.000 4.560 5.790 1.531 0.020 100000
176.083    -6 0.000 0.000 0.000 8.647 1.000 4.560 5.790 1.531 0.020 100000
185.341    -6 0.000 0.000 0.000 19.963 1.000 4.560 5.790 1.531 0.020 100000
213.726    -2 0.000 0.000 0.000 29.138 1.000 4.560 5.790 1.531 0.020 100000
226.858     3 0.000 0.000 0.000 25.056 1.000 4.560 5.790 1.531 0.020 100000
224.544   -19 0.000 0.000 0.000 19.510 1.000 4.560 5.790 1.531 0.020 100000
209.093   -26 0.000 0.000 0.000 13.575 1.000 4.560 5.790 1.531 0.020 100000
205.850   -28 0.000 0.000 0.000 17.498 1.000 4.560 5.790 1.531 0.020 100000
211.536   -27 0.000 0.000 0.000 21.098 1.000 4.560 5.790 1.531 0.020 100000
198.393   -23 0.000 0.000 0.000 13.404 1.000 4.560 5.790 1.531 0.020 100000
192.685   -25 0.000 0.000 0.000 15.456 1.000 4.560 5.790 1.531 0.020 100000
218.709   -25 0.000 0.000 0.000 28.774 1.000 4.560 5.790 1.531 0.020 100000
238.473   -26 0.000 0.000 0.000 28.398 1.000 4.560 5.790 1.531 0.020 100000
237.456   -26 0.000 0.000 0.000 21.127 1.000 4.560 5.790 1.531 0.020 100000
239.741   -25 0.000 0.000 0.000 22.474 1.000 4.560 5.790 1.531 0.020 100000
246.005   -24 0.000 0.000 0.000 24.415 1.000 4.560 5.790 1.531 0.020 100000
234.243   -26 0.000 0.000 0.000 17.124 1.000 4.560 5.790 1.531 0.020 100000
228.616   -28 0.000 0.000 0.000 18.734 1.000 4.560 5.790 1.531 0.020 100000
223.685   -26 0.000 0.000 0.000 18.528 1.000 4.560 5.790 1.531 0.020 100000
208.797   -26 0.000 0.000 0.000 13.742 1.000 4.560 5.790 1.531 0.020 100000
171.714   -26 0.000 0.000 0.000 2.720 1.000 4.560 5.790 1.531 0.020 100000
136.232   -24 0.000 0.000 0.000 0.063 1.000 4.560 5.790 1.531 0.020 100000
98.702   -24 0.000 0.000 0.000 -4.039 1.000 4.560 5.790 1.531 0.020 100000
66.862   -26 0.000 0.000 0.000 -4.953 1.000 4.560 5.790 1.531 0.020 100000
47.647   -27 0.000 0.000 0.000 -2.329 1.000 4.560 5.790 1.531 0.020 100000
44.815   -25 0.000 0.000 0.000 3.075 1.000 4.560 5.790 1.531 0.020 100000
56.636   -28 0.000 0.000 0.000 9.207 1.000 4.560 5.790 1.531 0.020 100000
81.047   -28 0.000 0.000 0.000 15.764 1.000 4.560 5.790 1.531 0.020 100000
102.312   -25 0.000 0.000 0.000 16.601 1.000 4.560 5.790 1.531 0.020 100000
124.499   -27 0.000 0.000 0.000 18.926 1.000 4.560 5.790 1.531 0.020 100000
136.532   -24 0.000 0.000 0.000 16.507 1.000 4.560 5.790 1.531 0.020 100000
138.720   -27 0.000 0.000 0.000 13.303 1.000 4.560 5.790 1.531 0.020 100000
128.588   -25 0.000 0.000 0.000 8.130 1.000 4.560 5.790 1.531 0.020 100000
116.243   -26 0.000 0.000 0.000 6.249 1.000 4.560 5.790 1.531 0.020 100000
101.608   -27 0.000 0.000 0.000 4.134 1.000 4.560 5.790 1.531 0.020 100000
86.497   -25 0.000 0.000 0.000 2.603 1.000 4.560 5.790 1.531 0.020 100000
79.789   -25 0.000 0.000 0.000 4.900 1.000 4.560 5.790 1.531 0.020 100000
99.496   -24 0.000 0.000 0.000 15.808 1.000 4.560 5.790 1.531 0.020 100000
136.031   -24 0.000 0.000 0.000 24.926 1.000 4.560 5.790 1.531 0.020 100000
159.677   -25 0.000 0.000 0.000 22.613 1.000 4.560 5.790 1.531 0.020 100000
168.531   -24 0.000 0.000 0.000 18.302 1.000 4.560 5.790 1.531 0.020 100000
159.104   -27 0.000 0.000 0.000 11.134 1.000 4.560 5.790 1.531 0.020 100000
148.088   -29 0.000 0.000 0.000 9.588 1.000 4.560 5.790 1.531 0.020 100000
149.744   -28 0.000 0.000 0.000 14.117 1.000 4.560 5.790 1.531 0.020 100000
162.387   -30 0.000 0.000 0.000 19.056 1.000 4.560 5.790 1.531 0.020 100000
185.388   -27 0.000 0.000 0.000 24.715 1.000 4.560 5.790 1.531 0.020 100000
209.761   -27 0.000 0.000 0.000 27.394 1.000 4.560 5.790 1.531 0.020 100000
209.026   -28 0.000 0.000 0.000 18.652 1.000 4.560 5.790 1.531 0.020 100000
175.354   -27 0.000 0.000 0.000 4.227 1.000 4.560 5.790 1.531 0.020 100000
152.280   -27 0.000 0.000 0.000 5.802 1.000 4.560 5.790 1.531 0.020 100000
129.211   -27 0.000 0.000 0.000 3.717 1.000 4.560 5.790 1.531 0.020 100000
112.725   -26 0.000 0.000 0.000 4.500 1.000 4.560 5.790 1.531 0.020 100000
110.673   -25 0.000 0.000 0.000 9.301 1.000 4.560 5.790 1.531 0.020 100000
108.276   -26 0.000 0.000 0.000 8.965 1.000 4.560 5.790 1.531 0.020 100000
95.727   -27 0.000 0.000 0.000 4.323 1.000 4.560 5.790 1.531 0.020 100000
87.663   -26 0.000 0.000 0.000 5.143 1.000 4.560 5.790 1.531 0.020 100000
89.324   -27 0.000 0.000 0.000 8.653 1.000 4.560 5.790 1.531 0.020 100000
96.041   -27 0.000 0.000 0.000 11.007 1.000 4.560 5.790 1.531 0.020 100000
98.960   -28 0.000 0.000 0.000 9.959 1.000 4.560 5.790 1.531 0.020 100000
87.141   -29 0.000 0.000 0.000 3.799 1.000 4.560 5.790 1.531 0.020 100000
62.349   -29 0.000 0.000 0.000 -2.926 1.000 4.560 5.790 1.531 0.020 100000
26.867   -30 0.000 0.000 0.000 -9.829 1.000 4.560 5.790 1.531 0.020 100000
-9.860   -28 0.000 0.000 0.000 -13.581 1.000 4.560 5.790 1.531 0.020 100000
-45.043   -27 0.000 0.000 0.000 -16.230 1.000 4.560 5.790 1.531 0.020 100000
-69.786   -27 0.000 0.000 0.000 -14.860 1.000 4.560 5.790 1.531 0.020 100000
-82.830   -28 0.000 0.000 0.000 -11.999 1.000 4.560 5.790 1.531 0.020 100000
-92.616   -28 0.000 0.000 0.000 -11.758 1.000 4.560 5.790 1.531 0.020 100000
-108.533    -1 0.000 0.000 0.000 -15.316 1.000 4.560 5.790 1.531 0.020 100000
-139.132    -4 0.000 0.000 0.000 -23.156 1.000 4.560 5.790 1.531 0.020 100000
-153.896    -4 0.000 0.000 0.000 -19.021 1.000 4.560 5.790 1.531 0.020 100000
-150.513    -3 0.000 0.000 0.000 -12.445 1.000 4.560 5.790 1.531 0.020 100000
-134.194    -4 0.000 0.000 0.000 -6.500 1.000 4.560 5.790 1.531 0.020 100000
-112.826    -5 0.000 0.000 0.000 -2.822 1.000 4.560 5.790 1.531 0.020 100000
-105.115    -5 0.000 0.000 0.000 -6.844 1.000 4.560 5.790 1.531 0.020 100000
-119.381    -5 0.000 0.000 0.000 -15.727 1.000 4.560 5.790 1.531 0.020 100000
-143.411    -5 0.000 0.000 0.000 -21.274 1.000 4.560 5.790 1.531 0.020 100000
-164.781    -5 0.000 0.000 0.000 -22.288 1.000 4.560 5.790 1.531 0.020 100000
-170.365    -4 0.000 0.000 0.000 -17.339 1.000 4.560 5.790 1.531 0.020 100000
-164.319    -2 0.000 0.000 0.000 -12.774 1.000 4.560 5.790 1.531 0.020 100000
-148.467    -4 0.000 0.000 0.000 -7.952 1.000 4.560 5.790 1.531 0.020 100000
-114.216    -7 0.000 0.000 0.000 1.503 1.000 4.560 5.790 1.531 0.020 100000
-70.210    -7 0.000 0.000 0.000 8.853 1.000 4.560 5.790 1.531 0.020 100000
-26.493    -7 0.000 0.000 0.000 12.708 1.000 4.560 5.790 1.531 0.020 100000
18.036    -7 0.000 0.000 0.000 17.016 1.000 4.560 5.790 1.531 0.020 100000
51.760    -7 0.000 0.000 0.000 16.333 1.000 4.560 5.790 1.531 0.020 100000
65.733    -7 0.000 0.000 0.000 10.773 1.000 4.560 5.790 1.531 0.020 100000
63.554    -7 0.000 0.000 0.000 4.996 1.000 4.560 5.790 1.531 0.020 100000
53.073    -8 0.000 0.000 0.000 1.179 1.000 4.560 5.790 1.531 0.020 100000
38.138    -4 0.000 0.000 0.000 -1.710 1.000 4.560 5.790 1.531 0.020 100000
15.703    -4 0.000 0.000 0.000 -6.331 1.000 4.560 5.790 1.531 0.020 100000
-17.122    -4 0.000 0.000 0.000 -12.889 1.000 4.560 5.790 1.531 0.020 100000
-49.102    -5 0.000 0.000 0.000 -15.490 1.000 4.560 5.790 1.531 0.020 100000
-56.605    -5 0.000 0.000 0.000 -7.712 1.000 4.560 5.790 1.531 0.020 100000
-51.603    -5 0.000 0.000 0.000 -2.939 1.000 4.560 5.790 1.531 0.020 100000
-32.582    -3 0.000 0.000 0.000 3.625 1.000 4.560 5.790 1.531 0.020 100000
-11.467    -4 0.000 0.000 0.000 6.258 1.000 4.560 5.790 1.531 0.020 100000
6.362    -4 0.000 0.000 0.000 6.735 1.000 4.560 5.790 1.531 0.020 100000
24.521    -4 0.000 0.000 0.000 8.492 1.000 4.560 5.790 1.531 0.020 100000
46.923    -2 0.000 0.000 0.000 11.984 1.000 4.560 5.790 1.531 0.020 100000
58.761    -3 0.000 0.000 0.000 9.405 1.000 4.560 5.790 1.531 0.020 100000
63.762    -3 0.000 0.000 0.000 7.495 1.000 4.560 5.790 1.531 0.020 100000
52.420    -4 0.000 0.000 0.000 0.823 1.000 4.560 5.790 1.531 0.020 100000
38.286    -4 0.000 0.000 0.000 -1.420 1.000 4.560 5.790 1.531 0.020 100000
28.868    -5 0.000 0.000 0.000 -0.643 1.000 4.560 5.790 1.531 0.020 100000
22.944    -5 0.000 0.000 0.000 0.029 1.000 4.560 5.790 1.531 0.020 100000
17.134    -4 0.000 0.000 0.000 -0.458 1.000 4.560 5.790 1.531 0.020 100000
19.751    -5 0.000 0.000 0.000 2.690 1.000 4.560 5.790 1.531 0.020 100000
30.874    -5 0.000 0.000 0.000 6.635 1.000 4.560 5.790 1.531 0.020 100000
40.117    -5 0.000 0.000 0.000 6.822 1.000 4.560 5.790 1.531 0.020 100000
44.223    -6 0.000 0.000 0.000 5.419 1.000 4.560 5.790 1.531 0.020 100000
42.458    -6 0.000 0.000 0.000 3.230 1.000 4.560 5.790 1.531 0.020 100000
36.664    -5 0.000 0.000 0.000 1.315 1.000 4.560 5.790 1.531 0.020 100000
25.170    -5 0.000 0.000 0.000 -1.694 1.000 4.560 5.790 1.531 0.020 100000
19.135    -3 0.000 0.000 0.000 -0.354 1.000 4.560 5.790 1.531 0.020 100000
12.762    -6 0.000 0.000 0.000 -1.048 1.000 4.560 5.790 1.531 0.020 100000
11.232     2 0.000 0.000 0.000 0.488 1.000 4.560 5.790 1.531 0.020 100000
3.477     2 0.000 0.000 0.000 -2.365 1.000 4.560 5.790 1.531 0.020 100000
-1.038    -2 0.000 0.000 0.000 -1.654 1.000 4.560 5.790 1.531 0.020 100000
1.894    -5 0.000 0.000 0.000 1.184 1.000 4.560 5.790 1.531 0.020 100000
9.116    -5 0.000 0.000 0.000 3.319 1.000 4.560 5.790 1.531 0.020 100000
15.135    -6 0.000 0.000 0.000 3.448 1.000 4.560 5.790 1.531 0.020 100000
20.046    -7 0.000 0.000 0.000 3.510 1.000 4.560 5.790 1.531 0.020 100000
22.644    -6 0.000 0.000 0.000 2.945 1.000 4.560 5.790 1.531 0.020 100000
22.967    -6 0.000 0.000 0.000 2.189 1.000 4.560 5.790 1.531 0.020 100000
21.414    -6 0.000 0.000 0.000 1.401 1.000 4.560 5.790 1.531 0.020 100000
16.322    -7 0.000 0.000 0.000 -0.283 1.000 4.560 5.790 1.531 0.020 100000
7.352    -7 0.000 0.000 0.000 -2.434 1.000 4.560 5.790 1.531 0.020 100000
-0.791     2 0.000 0.000 0.000 -2.885 1.000 4.560 5.790 1.531 0.020 100000
-9.421     5 0.000 0.000 0.000 -3.834 1.000 4.560 5.790 1.531 0.020 100000
-18.342     2 0.000 0.000 0.000 -4.741 1.000 4.560 5.790 1.531 0.020 100000
-23.816    -3 0.000 0.000 0.000 -4.045 1.000 4.560 5.790 1.531 0.020 100000
-27.791    -3 0.000 0.000 0.000 -3.887 1.000 4.560 5.790 1.531 0.020 100000
-19.754    -7 0.000 0.000 0.000 0.990 1.000 4.560 5.790 1.531 0.020 100000
-9.974    -7 0.000 0.000 0.000 2.477 1.000 4.560 5.790 1.531 0.020 100000
1.316    -7 0.000 0.000 0.000 4.019 1.000 4.560 5.790 1.531 0.020 100000
6.084    -5 0.000 0.000 0.000 2.198 1.000 4.560 5.790 1.531 0.020 100000
-2.511    -7 0.000 0.000 0.000 -3.197 1.000 4.560 5.790 1.531 0.020 100000
-16.227    -1 0.000 0.000 0.000 -6.206 1.000 4.560 5.790 1.531 0.020 100000
-25.873    -2 0.000 0.000 0.000 -5.673 1.000 4.560 5.790 1.531 0.020 100000
-30.695    -6 0.000 0.000 0.000 -4.442 1.000 4.560 5.790 1.531 0.020 100000
-27.890    -7 0.000 0.000 0.000 -1.553 1.000 4.560 5.790 1.531 0.020 100000
-9.861    -6 0.000 0.000 0.000 5.337 1.000 4.560 5.790 1.531 0.020 100000
12.734    -6 0.000 0.000 0.000 8.958 1.000 4.560 5.790 1.531 0.020 100000
30.076    -3 0.000 0.000 0.000 8.712 1.000 4.560 5.790 1.531 0.020 100000
32.066    -3 0.000 0.000 0.000 3.588 1.000 4.560 5.790 1.531 0.020 100000
18.469    -4 0.000 0.000 0.000 -3.027 1.000 4.560 5.790 1.531 0.020 100000
-6.822    -7 0.000 0.000 0.000 -9.355 1.000 4.560 5.790 1.531 0.020 100000
-26.791    -2 0.000 0.000 0.000 -9.322 1.000 4.560 5.790 1.531 0.020 100000
-36.640    -1 0.000 0.000 0.000 -6.717 1.000 4.560 5.790 1.531 0.020 100000
-31.156    -6 0.000 0.000 0.000 -0.924 1.000 4.560 5.790 1.531 0.020 100000
-22.000    -6 0.000 0.000 0.000 1.174 1.000 4.560 5.790 1.531 0.020 100000
-20.311    -4 0.000 0.000 0.000 -1.254 1.000 4.560 5.790 1.531 0.020 100000
-18.096    -5 0.000 0.000 0.000 -0.872 1.000 4.560 5.790 1.531 0.020 100000
-10.270    -4 0.000 0.000 0.000 1.775 1.000 4.560 5.790 1.531 0.020 100000
-4.779    -4 0.000 0.000 0.000 1.465 1.000 4.560 5.790 1.531 0.020 100000
6.392    -4 0.000 0.000 0.000 4.437 1.000 4.560 5.790 1.531 0.020 100000
8.363    -6 0.000 0.000 0.000 1.437 1.000 4.560 5.790 1.531 0.020 100000
1.295    -7 0.000 0.000 0.000 -2.325 1.000 4.560 5.790 1.531 0.020 100000
-9.262    -6 0.000 0.000 0.000 -4.485 1.000 4.560 5.790 1.531 0.020 100000
-12.562    -4 0.000 0.000 0.000 -2.276 1.000 4.560 5.790 1.531 0.020 100000
-9.538    -6 0.000 0.000 0.000 0.182 1.000 4.560 5.790 1.531 0.020 100000
-1.307    -7 0.000 0.000 0.000 2.726 1.000 4.560 5.790 1.531 0.020 100000
12.846    -5 0.000 0.000 0.000 6.052 1.000 4.560 5.790 1.531 0.020 100000
22.038    -7 0.000 0.000 0.000 5.169 1.000 4.560 5.790 1.531 0.020 100000
27.149    -7 0.000 0.000 0.000 4.221 1.000 4.560 5.790 1.531 0.020 100000
31.370    -5 0.000 0.000 0.000 4.296 1.000 4.560 5.790 1.531 0.020 100000
35.751    -3 0.000 0.000 0.000 4.747 1.000 4.560 5.790 1.531 0.020 100000
34.676    -6 0.000 0.000 0.000 2.765 1.000 4.560 5.790 1.531 0.020 100000
26.504    -6 0.000 0.000 0.000 -0.426 1.000 4.560 5.790 1.531 0.020 100000
19.519    -1 0.000 0.000 0.000 -0.648 1.000 4.560 5.790 1.531 0.020 100000
8.547    18 0.000 0.000 0.000 -3.017 1.000 4.560 5.790 1.531 0.020 100000
-0.293    24 0.000 0.000 0.000 -3.081 1.000 4.560 5.790 1.531 0.020 100000
-16.980    17 0.000 0.000 0.000 -7.301 1.000 4.560 5.790 1.531 0.020 100000
-25.432     6 0.000 0.000 0.000 -5.220 1.000 4.560 5.790 1.531 0.020 100000
-27.554    -4 0.000 0.000 0.000 -3.226 1.000 4.560 5.790 1.531 0.020 100000
-18.485    -7 0.000 0.000 0.000 1.462 1.000 4.560 5.790 1.531 0.020 100000
-1.986    -7 0.000 0.000 0.000 5.521 1.000 4.560 5.790 1.531 0.020 100000
13.260    -6 0.000 0.000 0.000 6.467 1.000 4.560 5.790 1.531 0.020 100000
29.677    -4 0.000 0.000 0.000 8.357 1.000 4.560 5.790 1.531 0.020 100000
54.832    -4 0.000 0.000 0.000 13.650 1.000 4.560 5.790 1.531 0.020 100000
78.768    -6 0.000 0.000 0.000 15.394 1.000 4.560 5.790 1.531 0.020 100000
100.856    -5 0.000 0.000 0.000 16.754 1.000 4.560 5.790 1.531 0.020 100000
110.735    17 0.000 0.000 0.000 13.429 1.000 4.560 5.790 1.531 0.020 100000
111.759   -18 0.000 0.000 0.000 10.463 1.000 4.560 5.790 1.531 0.020 100000
109.811   -27 0.000 0.000 0.000 9.259 1.000 4.560 5.790 1.531 0.020 100000
52.030   -27 0.000 0.000 0.000 -15.257 1.000 4.560 5.790 1.531 0.020 100000
8.785   -27 0.000 0.000 0.000 -14.146 1.000 4.560 5.790 1.531 0.020 100000
18.709   -28 0.000 0.000 0.000 5.121 1.000 4.560 5.790 1.531 0.020 100000
51.896   -27 0.000 0.000 0.000 16.160 1.000 4.560 5.790 1.531 0.020 100000
95.002   -27 0.000 0.000 0.000 23.486 1.000 4.560 5.790 1.531 0.020 100000
149.186   -28 0.000 0.000 0.000 32.214 1.000 4.560 5.790 1.531 0.020 100000
198.403   -26 0.000 0.000 0.000 34.950 1.000 4.560 5.790 1.531 0.020 100000
237.279   -26 0.000 0.000 0.000 34.893 1.000 4.560 5.790 1.531 0.020 100000
258.356   -25 0.000 0.000 0.000 30.650 1.000 4.560 5.790 1.531 0.020 100000
188.649   -25 0.000 0.000 0.000 -7.020 1.000 4.560 5.790 1.531 0.020 100000
138.952   -24 0.000 0.000 0.000 -4.602 1.000 4.560 5.790 1.531 0.020 100000
83.332   -28 0.000 0.000 0.000 -11.679 1.000 4.560 5.790 1.531 0.020 100000
-88.507   -29 0.000 0.000 0.000 -67.375 1.000 4.560 5.790 1.531 0.020 100000
-285.540   -27 0.000 0.000 0.000 -93.901 1.000 4.560 5.790 1.531 0.020 100000
-397.846   -27 0.000 0.000 0.000 -74.786 1.000 4.560 5.790 1.531 0.020 100000
-390.158    -7 0.000 0.000 0.000 -32.634 1.000 4.560 5.790 1.531 0.020 100000
-306.648    -6 0.000 0.000 0.000 1.116 1.000 4.560 5.790 1.531 0.020 100000
-178.552    -4 0.000 0.000 0.000 28.106 1.000 4.560 5.790 1.531 0.020 100000
-14.612    -5 0.000 0.000 0.000 55.318 1.000 4.560 5.790 1.531 0.020 100000
146.320    -5 0.000 0.000 0.000 68.836 1.000 4.560 5.790 1.531 0.020 100000
282.663    -6 0.000 0.000 0.000 72.673 1.000 4.560 5.790 1.531 0.020 100000
391.185    -7 0.000 0.000 0.000 72.876 1.000 4.560 5.790 1.531 0.020 100000
456.867    -2 0.000 0.000 0.000 64.016 1.000 4.560 5.790 1.531 0.020 100000
463.372   -28 0.000 0.000 0.000 44.159 1.000 4.560 5.790 1.531 0.020 100000
427.543   -28 0.000 0.000 0.000 26.293 1.000 4.560 5.790 1.531 0.020 100000
347.525   -28 0.000 0.000 0.000 3.788 1.000 4.560 5.790 1.531 0.020 100000
205.356   -28 0.000 0.000 0.000 -30.544 1.000 4.560 5.790 1.531 0.020 100000
39.566   -26 0.000 0.000 0.000 -53.701 1.000 4.560 5.790 1.531 0.020 100000
-96.361   -28 0.000 0.000 0.000 -55.678 1.000 4.560 5.790 1.531 0.020 100000
-163.834   -26 0.000 0.000 0.000 -38.130 1.000 4.560 5.790 1.531 0.020 100000
-162.900   -27 0.000 0.000 0.000 -14.412 1.000 4.560 5.790 1.531 0.020 100000
-102.245    -8 0.000 0.000 0.000 11.708 1.000 4.560 5.790 1.531 0.020 100000
-1.501    -8 0.000 0.000 0.000 34.671 1.000 4.560 5.790 1.531 0.020 100000
100.158    -4 0.000 0.000 0.000 44.182 1.000 4.560 5.790 1.531 0.020 100000
176.684    -6 0.000 0.000 0.000 42.420 1.000 4.560 5.790 1.531 0.020 100000
244.249    -4 0.000 0.000 0.000 45.435 1.000 4.560 5.790 1.531 0.020 100000
305.143     0 0.000 0.000 0.000 48.639 1.000 4.560 5.790 1.531 0.020 100000
334.539   -22 0.000 0.000 0.000 40.415 1.000 4.560 5.790 1.531 0.020 100000
290.481   -26 0.000 0.000 0.000 11.052 1.000 4.560 5.790 1.531 0.020 100000
145.661   -29 0.000 0.000 0.000 -36.859 1.000 4.560 5.790 1.531 0.020 100000
2.018   -28 0.000 0.000 0.000 -49.445 1.000 4.560 5.790 1.531 0.020 100000
-83.476   -28 0.000 0.000 0.000 -37.088 1.000 4.560 5.790 1.531 0.020 100000
-49.472   -26 0.000 0.000 0.000 7.274 1.000 4.560 5.790 1.531 0.020 100000
66.473   -26 0.000 0.000 0.000 46.071 1.000 4.560 5.790 1.531 0.020 100000
274.404   -28 0.000 0.000 0.000 96.659 1.000 4.560 5.790 1.531 0.020 100000
487.507   -28 0.000 0.000 0.000 117.721 1.000 4.560 5.790 1.531 0.020 100000
617.857   -28 0.000 0.000 0.000 100.920 1.000 4.560 5.790 1.531 0.020 100000
634.619   -28 0.000 0.000 0.000 63.192 1.000 4.560 5.790 1.531 0.020 100000
511.768   -29 0.000 0.000 0.000 3.845 1.000 4.560 5.790 1.531 0.020 100000
298.327   -28 0.000 0.000 0.000 -46.759 1.000 4.560 5.790 1.531 0.020 100000
81.258   -25 0.000 0.000 0.000 -67.646 1.000 4.560 5.790 1.531 0.020 100000
-139.368   -25 0.000 0.000 0.000 -88.831 1.000 4.560 5.790 1.531 0.020 100000
-265.799   -28 0.000 0.000 0.000 -67.723 1.000 4.560 5.790 1.531 0.020 100000
-307.757    -7 0.000 0.000 0.000 -42.333 1.000 4.560 5.790 1.531 0.020 100000
-286.156    -4 0.000 0.000 0.000 -18.420 1.000 4.560 5.790 1.531 0.020 100000
-206.267    -4 0.000 0.000 0.000 8.944 1.000 4.560 5.790 1.531 0.020 100000
-120.899    -4 0.000 0.000 0.000 18.559 1.000 4.560 5.790 1.531 0.020 100000
-18.749    -5 0.000 0.000 0.000 33.596 1.000 4.560 5.790 1.531 0.020 100000
122.979    -5 0.000 0.000 0.000 60.089 1.000 4.560 5.790 1.531 0.020 100000
239.163    -5 0.000 0.000 0.000 61.773 1.000 4.560 5.790 1.531 0.020 100000
336.136    -4 0.000 0.000 0.000 63.907 1.000 4.560 5.790 1.531 0.020 100000
413.221    -4 0.000 0.000 0.000 64.009 1.000 4.560 5.790 1.531 0.020 100000
472.627    -5 0.000 0.000 0.000 63.273 1.000 4.560 5.790 1.531 0.020 100000
515.401     1 0.000 0.000 0.000 61.396 1.000 4.560 5.790 1.531 0.020 100000
539.631   -23 0.000 0.000 0.000 57.181 1.000 4.560 5.790 1.531 0.020 100000
508.498   -26 0.000 0.000 0.000 35.237 1.000 4.560 5.790 1.531 0.020 100000
474.387   -26 0.000 0.000 0.000 31.123 1.000 4.560 5.790 1.531 0.020 100000
424.869   -27 0.000 0.000 0.000 21.321 1.000 4.560 5.790 1.531 0.020 100000
317.940   -26 0.000 0.000 0.000 -8.186 1.000 4.560 5.790 1.531 0.020 100000
156.174   -26 0.000 0.000 0.000 -41.763 1.000 4.560 5.790 1.531 0.020 100000
-2.634   -27 0.000 0.000 0.000 -55.105 1.000 4.560 5.790 1.531 0.020 100000
-211.385   -28 0.000 0.000 0.000 -91.242 1.000 4.560 5.790 1.531 0.020 100000
-367.565   -27 0.000 0.000 0.000 -87.205 1.000 4.560 5.790 1.531 0.020 100000
-424.344    -9 0.000 0.000 0.000 -57.998 1.000 4.560 5.790 1.531 0.020 100000
-381.022    -5 0.000 0.000 0.000 -19.496 1.000 4.560 5.790 1.531 0.020 100000
-247.069    -6 0.000 0.000 0.000 23.933 1.000 4.560 5.790 1.531 0.020 100000
-118.162    -5 0.000 0.000 0.000 33.849 1.000 4.560 5.790 1.531 0.020 100000
-55.266    -5 0.000 0.000 0.000 16.732 1.000 4.560 5.790 1.531 0.020 100000
-49.059    -7 0.000 0.000 0.000 -2.293 1.000 4.560 5.790 1.531 0.020 100000
-103.546    -7 0.000 0.000 0.000 -28.191 1.000 4.560 5.790 1.531 0.020 100000
-231.993    -7 0.000 0.000 0.000 -65.361 1.000 4.560 5.790 1.531 0.020 100000
-416.595    -7 0.000 0.000 0.000 -101.460 1.000 4.560 5.790 1.531 0.020 100000
-601.697    -8 0.000 0.000 0.000 -118.375 1.000 4.560 5.790 1.531 0.020 100000
-701.988    -8 0.000 0.000 0.000 -98.145 1.000 4.560 5.790 1.531 0.020 100000
-741.157    -8 0.000 0.000 0.000 -80.570 1.000 4.560 5.790 1.531 0.020 100000
-725.037    -8 0.000 0.000 0.000 -60.010 1.000 4.560 5.790 1.531 0.020 100000
-604.052    -8 0.000 0.000 0.000 -12.837 1.000 4.560 5.790 1.531 0.020 100000
-412.732    -8 0.000 0.000 0.000 28.768 1.000 4.560 5.790 1.531 0.020 100000
-210.810    -8 0.000 0.000 0.000 50.695 1.000 4.560 5.790 1.531 0.020 100000
-29.113    -8 0.000 0.000 0.000 60.142 1.000 4.560 5.790 1.531 0.020 100000
179.595    -8 0.000 0.000 0.000 88.352 1.000 4.560 5.790 1.531 0.020 100000
373.334    -8 0.000 0.000 0.000 100.704 1.000 4.560 5.790 1.531 0.020 100000
442.514    -3 0.000 0.000 0.000 63.927 1.000 4.560 5.790 1.531 0.020 100000
420.461    -4 0.000 0.000 0.000 30.411 1.000 4.560 5.790 1.531 0.020 100000
421.728    -6 0.000 0.000 0.000 38.583 1.000 4.560 5.790 1.531 0.020 100000
506.125   -28 0.000 0.000 0.000 74.937 1.000 4.560 5.790 1.531 0.020 100000
576.764   -24 0.000 0.000 0.000 76.574 1.000 4.560 5.790 1.531 0.020 100000
574.914   -24 0.000 0.000 0.000 51.362 1.000 4.560 5.790 1.531 0.020 100000
504.413   -26 0.000 0.000 0.000 21.267 1.000 4.560 5.790 1.531 0.020 100000
449.592   -28 0.000 0.000 0.000 21.725 1.000 4.560 5.790 1.531 0.020 100000
334.121   -26 0.000 0.000 0.000 -9.673 1.000 4.560 5.790 1.531 0.020 100000
136.444   -27 0.000 0.000 0.000 -55.955 1.000 4.560 5.790 1.531 0.020 100000
2.841   -27 0.000 0.000 0.000 -45.902 1.000 4.560 5.790 1.531 0.020 100000
-65.865   -28 0.000 0.000 0.000 -29.695 1.000 4.560 5.790 1.531 0.020 100000
-104.785   -28 0.000 0.000 0.000 -22.924 1.000 4.560 5.790 1.531 0.020 100000
-109.834   -23 0.000 0.000 0.000 -11.679 1.000 4.560 5.790 1.531 0.020 100000
-123.230   -26 0.000 0.000 0.000 -15.774 1.000 4.560 5.790 1.531 0.020 100000
-99.422    -5 0.000 0.000 0.000 -0.767 1.000 4.560 5.790 1.531 0.020 100000
-63.532    -4 0.000 0.000 0.000 6.653 1.000 4.560 5.790 1.531 0.020 100000
-87.835    -3 0.000 0.000 0.000 -16.341 1.000 4.560 5.790 1.531 0.020 100000
-167.562    -4 0.000 0.000 0.000 -42.701 1.000 4.560 5.790 1.531 0.020 100000
-248.661    -3 0.000 0.000 0.000 -50.511 1.000 4.560 5.790 1.531 0.020 100000
-304.298    -4 0.000 0.000 0.000 -46.746 1.000 4.560 5.790 1.531 0.020 100000
-294.011    -5 0.000 0.000 0.000 -23.039 1.000 4.560 5.790 1.531 0.020 100000
-248.093    -4 0.000 0.000 0.000 -6.576 1.000 4.560 5.790 1.531 0.020 100000
-101.874    -3 0.000 0.000 0.000 41.304 1.000 4.560 5.790 1.531 0.020 100000
21.873    -7 0.000 0.000 0.000 44.732 1.000 4.560 5.790 1.531 0.020 100000
28.783    -7 0.000 0.000 0.000 4.991 1.000 4.560 5.790 1.531 0.020 100000
5.415    -7 0.000 0.000 0.000 -7.584 1.000 4.560 5.790 1.531 0.020 100000
-19.417    -4 0.000 0.000 0.000 -10.335 1.000 4.560 5.790 1.531 0.020 100000
-31.840    -4 0.000 0.000 0.000 -7.172 1.000 4.560 5.790 1.531 0.020 100000
-34.121    -4 0.000 0.000 0.000 -3.874 1.000 4.560 5.790 1.531 0.020 100000
-45.433    -5 0.000 0.000 0.000 -8.017 1.000 4.560 5.790 1.531 0.020 100000
-47.962     2 0.000 0.000 0.000 -5.212 1.000 4.560 5.790 1.531 0.020 100000
-46.565    -4 0.000 0.000 0.000 -3.729 1.000 4.560 5.790 1.531 0.020 100000
-61.076    -7 0.000 0.000 0.000 -10.538 1.000 4.560 5.790 1.531 0.020 100000
-76.937    -7 0.000 0.000 0.000 -12.439 1.000 4.560 5.790 1.531 0.020 100000
-100.384    -7 0.000 0.000 0.000 -17.180 1.000 4.560 5.790 1.531 0.020 100000
-182.967    -7 0.000 0.000 0.000 -45.081 1.000 4.560 5.790 1.531 0.020 100000
-429.903    -7 0.000 0.000 0.000 -124.200 1.000 4.560 5.790 1.531 0.020 100000
-563.963    -7 0.000 0.000 0.000 -97.327 1.000 4.560 5.790 1.531 0.020 100000
-557.848    -7 0.000 0.000 0.000 -48.344 1.000 4.560 5.790 1.531 0.020 100000
-464.787    -7 0.000 0.000 0.000 -9.888 1.000 4.560 5.790 1.531 0.020 100000
-312.020    -7 0.000 0.000 0.000 24.558 1.000 4.560 5.790 1.531 0.020 100000
77.615    -7 0.000 0.000 0.000 141.637 1.000 4.560 5.790 1.531 0.020 100000
545.948    -7 0.000 0.000 0.000 211.187 1.000 4.560 5.790 1.531 0.020 100000
801.538    -7 0.000 0.000 0.000 160.804 1.000 4.560 5.790 1.531 0.020 100000
789.840    -5 0.000 0.000 0.000 67.399 1.000 4.560 5.790 1.531 0.020 100000
654.080    -5 0.000 0.000 0.000 12.257 1.000 4.560 5.790 1.531 0.020 100000
446.055   -22 0.000 0.000 0.000 -31.525 1.000 4.560 5.790 1.531 0.020 100000
228.343   -22 0.000 0.000 0.000 -54.564 1.000 4.560 5.790 1.531 0.020 100000
28.139   -25 0.000 0.000 0.000 -66.624 1.000 4.560 5.790 1.531 0.020 100000
-97.528   -27 0.000 0.000 0.000 -52.239 1.000 4.560 5.790 1.531 0.020 100000
-155.087   -26 0.000 0.000 0.000 -33.914 1.000 4.560 5.790 1.531 0.020 100000
-186.704   -27 0.000 0.000 0.000 -27.811 1.000 4.560 5.790 1.531 0.020 100000
-207.521    -8 0.000 0.000 0.000 -25.963 1.000 4.560 5.790 1.531 0.020 100000
-190.442    -3 0.000 0.000 0.000 -11.325 1.000 4.560 5.790 1.531 0.020 100000
-120.868    -4 0.000 0.000 0.000 13.105 1.000 4.560 5.790 1.531 0.020 100000
-45.592    -4 0.000 0.000 0.000 21.883 1.000 4.560 5.790 1.531 0.020 100000
-1.348    -5 0.000 0.000 0.000 15.164 1.000 4.560 5.790 1.531 0.020 100000
-17.440    -5 0.000 0.000 0.000 -7.137 1.000 4.560 5.790 1.531 0.020 100000
-48.014    -3 0.000 0.000 0.000 -14.906 1.000 4.560 5.790 1.531 0.020 100000
-101.069    -4 0.000 0.000 0.000 -27.472 1.000 4.560 5.790 1.531 0.020 100000
-166.023    -4 0.000 0.000 0.000 -37.458 1.000 4.560 5.790 1.531 0.020 100000
-236.927    -3 0.000 0.000 0.000 -45.927 1.000 4.560 5.790 1.531 0.020 100000
-265.706    -6 0.000 0.000 0.000 -33.976 1.000 4.560 5.790 1.531 0.020 100000
-265.443    -5 0.000 0.000 0.000 -23.918 1.000 4.560 5.790 1.531 0.020 100000
-219.550    -6 0.000 0.000 0.000 -4.003 1.000 4.560 5.790 1.531 0.020 100000
-140.896    -7 0.000 0.000 0.000 14.430 1.000 4.560 5.790 1.531 0.020 100000
-62.087    -7 0.000 0.000 0.000 21.613 1.000 4.560 5.790 1.531 0.020 100000
-12.025    -7 0.000 0.000 0.000 16.208 1.000 4.560 5.790 1.531 0.020 100000
18.213    -7 0.000 0.000 0.000 12.094 1.000 4.560 5.790 1.531 0.020 100000
39.928    -7 0.000 0.000 0.000 11.114 1.000 4.560 5.790 1.531 0.020 100000
60.814    -7 0.000 0.000 0.000 12.716 1.000 4.560 5.790 1.531 0.020 100000
74.183    -7 0.000 0.000 0.000 11.329 1.000 4.560 5.790 1.531 0.020 100000
75.253    -7 0.000 0.000 0.000 7.176 1.000 4.560 5.790 1.531 0.020 100000
58.157    -2 0.000 0.000 0.000 -0.646 1.000 4.560 5.790 1.531 0.020 100000
39.469    -5 0.000 0.000 0.000 -2.887 1.000 4.560 5.790 1.531 0.020 100000
8.685    -6 0.000 0.000 0.000 -9.850 1.000 4.560 5.790 1.531 0.020 100000
-22.704    -5 0.000 0.000 0.000 -12.898 1.000 4.560 5.790 1.531 0.020 100000
-37.203    -6 0.000 0.000 0.000 -8.375 1.000 4.560 5.790 1.531 0.020 100000
-42.640    -5 0.000 0.000 0.000 -5.735 1.000 4.560 5.790 1.531 0.020 100000
-46.508    -5 0.000 0.000 0.000 -5.543 1.000 4.560 5.790 1.531 0.020 100000
-36.259    -6 0.000 0.000 0.000 0.262 1.000 4.560 5.790 1.531 0.020 100000
-11.224    -4 0.000 0.000 0.000 7.634 1.000 4.560 5.790 1.531 0.020 100000
4.783    -6 0.000 0.000 0.000 5.963 1.000 4.560 5.790 1.531 0.020 100000
-1.558    -6 0.000 0.000 0.000 -2.332 1.000 4.560 5.790 1.531 0.020 100000
-13.425    -6 0.000 0.000 0.000 -5.314 1.000 4.560 5.790 1.531 0.020 100000
-12.682    -6 0.000 0.000 0.000 -0.890 1.000 4.560 5.790 1.531 0.020 100000
3.823    -4 0.000 0.000 0.000 6.048 1.000 4.560 5.790 1.531 0.020 100000
8.196    -6 0.000 0.000 0.000 2.252 1.000 4.560 5.790 1.531 0.020 100000
-2.576    -4 0.000 0.000 0.000 -3.955 1.000 4.560 5.790 1.531 0.020 100000
-16.230    -5 0.000 0.000 0.000 -6.185 1.000 4.560 5.790 1.531 0.020 100000
-31.992    -4 0.000 0.000 0.000 -8.339 1.000 4.560 5.790 1.531 0.020 100000
-47.582    -6 0.000 0.000 0.000 -9.690 1.000 4.560 5.790 1.531 0.020 100000
-55.693    -4 0.000 0.000 0.000 -7.840 1.000 4.560 5.790 1.531 0.020 100000
-49.276    -4 0.000 0.000 0.000 -2.240 1.000 4.560 5.790 1.531 0.020 100000
-42.463    -4 0.000 0.000 0.000 -1.487 1.000 4.560 5.790 1.531 0.020 100000
-38.794    -5 0.000 0.000 0.000 -2.241 1.000 4.560 5.790 1.531 0.020 100000
-38.046    -4 0.000 0.000 0.000 -3.183 1.000 4.560 5.790 1.531 0.020 100000
-15.792    -3 0.000 0.000 0.000 1.565 17.500 5.400 6.500 2.581 0.070 400000
49.110    -3 0.000 0.000 0.000 6.716 17.500 5.400 6.500 2.581 0.070 400000
111.027    -5 0.000 0.000 0.000 7.859 17.500 5.400 6.500 2.581 0.070 400000
167.112    -2 0.000 0.000 0.000 8.623 17.500 5.400 6.500 2.581 0.070 400000
215.825    -3 0.000 0.000 0.000 9.088 17.500 5.400 6.500 2.581 0.070 400000
231.344    -3 0.000 0.000 0.000 6.572 17.500 5.400 6.500 2.581 0.070 400000
219.420    -4 0.000 0.000 0.000 3.932 17.500 5.400 6.500 2.581 0.070 400000
207.613    -6 0.000 0.000 0.000 3.675 17.500 5.400 6.500 2.581 0.070 400000
188.856    -4 0.000 0.000 0.000 2.650 17.500 5.400 6.500 2.581 0.070 400000
162.336    -5 0.000 0.000 0.000 1.380 17.500 5.400 6.500 2.581 0.070 400000
129.926    -5 0.000 0.000 0.000 0.139 17.500 5.400 6.500 2.581 0.070 400000
106.507   -18 0.000 0.000 0.000 0.386 17.500 5.400 6.500 2.581 0.070 400000
90.434   -23 0.000 0.000 0.000 0.657 17.500 5.400 6.500 2.581 0.070 400000
64.190   -25 0.000 0.000 0.000 -0.815 17.500 5.400 6.500 2.581 0.070 400000
47.415   -24 0.000 0.000 0.000 -0.377 17.500 5.400 6.500 2.581 0.070 400000
46.305   -24 0.000 0.000 0.000 0.951 17.500 5.400 6.500 2.581 0.070 400000
38.515   -25 0.000 0.000 0.000 0.198 17.500 5.400 6.500 2.581 0.070 400000
34.698   -28 0.000 0.000 0.000 0.455 17.500 5.400 6.500 2.581 0.070 400000
42.968   -26 0.000 0.000 0.000 1.686 17.500 5.400 6.500 2.581 0.070 400000
119.709   -24 0.000 0.000 0.000 9.335 17.500 5.400 6.500 2.581 0.070 400000
205.181   -25 0.000 0.000 0.000 12.022 17.500 5.400 6.500 2.581 0.070 400000
255.961   -25 0.000 0.000 0.000 10.174 17.500 5.400 6.500 2.581 0.070 400000
215.080   -25 0.000 0.000 0.000 1.333 17.500 5.400 6.500 2.581 0.070 400000
111.079   -25 0.000 0.000 0.000 -6.471 17.500 5.400 6.500 2.581 0.070 400000
5.141   -25 0.000 0.000 0.000 -9.034 17.500 5.400 6.500 2.581 0.070 400000
-91.546   -28 0.000 0.000 0.000 -10.421 17.500 5.400 6.500 2.581 0.070 400000
-160.741   -26 0.000 0.000 0.000 -9.611 17.500 5.400 6.500 2.581 0.070 400000
-186.206   -26 0.000 0.000 0.000 -6.410 17.500 5.400 6.500 2.581 0.070 400000
-158.515    -7 0.000 0.000 0.000 -1.193 17.500 5.400 6.500 2.581 0.070 400000
-65.411    -4 0.000 0.000 0.000 6.563 17.500 5.400 6.500 2.581 0.070 400000
-56.444    -5 0.000 0.000 0.000 -0.502 17.500 5.400 6.500 2.581 0.070 400000
-30.125    -5 0.000 0.000 0.000 1.592 17.500 5.400 6.500 2.581 0.070 400000
-27.325    -3 0.000 0.000 0.000 -0.376 17.500 5.400 6.500 2.581 0.070 400000
-14.487    -5 0.000 0.000 0.000 0.781 17.500 5.400 6.500 2.581 0.070 400000
-13.203    -5 0.000 0.000 0.000 -0.188 17.500 5.400 6.500 2.581 0.070 400000
-7.131    -4 0.000 0.000 0.000 0.363 17.500 5.400 6.500 2.581 0.070 400000
7.177    -6 0.000 0.000 0.000 1.398 17.500 5.400 6.500 2.581 0.070 400000
6.523    -5 0.000 0.000 0.000 0.091 17.500 5.400 6.500 2.581 0.070 400000
-2.438    -5 0.000 0.000 0.000 -0.829 17.500 5.400 6.500 2.581 0.070 400000
3.423    -6 0.000 0.000 0.000 0.584 17.500 5.400 6.500 2.581 0.070 400000
4.885    -6 0.000 0.000 0.000 0.237 17.500 5.400 6.500 2.581 0.070 400000
1.644    -6 0.000 0.000 0.000 -0.243 17.500 5.400 6.500 2.581 0.070 400000
-4.185    -5 0.000 0.000 0.000 -0.598 17.500 5.400 6.500 2.581 0.070 400000
1.697    -6 0.000 0.000 0.000 0.546 17.500 5.400 6.500 2.581 0.070 400000
0.555    -5 0.000 0.000 0.000 -0.086 17.500 5.400 6.500 2.581 0.070 400000
-3.329    -5 0.000 0.000 0.000 -0.411 17.500 5.400 6.500 2.581 0.070 400000
7.779    -6 0.000 0.000 0.000 1.135 17.500 5.400 6.500 2.581 0.070 400000
6.159    -6 0.000 0.000 0.000 -0.001 17.500 5.400 6.500 2.581 0.070 400000
4.797    -6 0.000 0.000 0.000 -0.009 17.500 5.400 6.500 2.581 0.070 400000
8.106    -6 0.000 0.000 0.000 0.469 17.500 5.400 6.500 2.581 0.070 400000
6.242    -5 0.000 0.000 0.000 -0.020 17.500 5.400 6.500 2.581 0.070 400000
5.952    -5 0.000 0.000 0.000 0.110 17.500 5.400 6.500 2.581 0.070 400000
0.682    -4 0.000 0.000 0.000 -0.440 17.500 5.400 6.500 2.581 0.070 400000
9.638    -3 0.000 0.000 0.000 0.992 17.500 5.400 6.500 2.581 0.070 400000
1.366    -5 0.000 0.000 0.000 -0.684 17.500 5.400 6.500 2.581 0.070 400000
-0.821    -5 0.000 0.000 0.000 -0.207 17.500 5.400 6.500 2.581 0.070 400000
-2.210    -3 0.000 0.000 0.000 -0.170 17.500 5.400 6.500 2.581 0.070 400000
-5.010    -4 0.000 0.000 0.000 -0.355 17.500 5.400 6.500 2.581 0.070 400000
-3.811    -4 0.000 0.000 0.000 0.017 17.500 5.400 6.500 2.581 0.070 400000
-6.150    -6 0.000 0.000 0.000 -0.341 17.500 5.400 6.500 2.581 0.070 400000
-2.234    -6 0.000 0.000 0.000 0.288 17.500 5.400 6.500 2.581 0.070 400000
2.938    -6 0.000 0.000 0.000 0.513 17.500 5.400 6.500 2.581 0.070 400000
2.494    -7 0.000 0.000 0.000 0.018 17.500 5.400 6.500 2.581 0.070 400000
0.475    -6 0.000 0.000 0.000 -0.164 17.500 5.400 6.500 2.581 0.070 400000
9.008    -6 0.000 0.000 0.000 0.941 17.500 5.400 6.500 2.581 0.070 400000
7.153    -6 0.000 0.000 0.000 0.001 17.500 5.400 6.500 2.581 0.070 400000
6.430    -7 0.000 0.000 0.000 0.083 17.500 5.400 6.500 2.581 0.070 400000
6.514    -6 0.000 0.000 0.000 0.155 17.500 5.400 6.500 2.581 0.070 400000
15.559    -4 0.000 0.000 0.000 1.133 17.500 5.400 6.500 2.581 0.070 400000
6.035    -5 0.000 0.000 0.000 -0.686 17.500 5.400 6.500 2.581 0.070 400000
5.467    -5 0.000 0.000 0.000 0.074 17.500 5.400 6.500 2.581 0.070 400000
1.511    -5 0.000 0.000 0.000 -0.307 17.500 5.400 6.500 2.581 0.070 400000
-1.266    -5 0.000 0.000 0.000 -0.268 17.500 5.400 6.500 2.581 0.070 400000
-0.805    -3 0.000 0.000 0.000 0.022 17.500 5.400 6.500 2.581 0.070 400000
-3.955    -2 0.000 0.000 0.000 -0.362 17.500 5.400 6.500 2.581 0.070 400000
0.488    -3 0.000 0.000 0.000 0.395 17.500 5.400 6.500 2.581 0.070 400000
4.521    -2 0.000 0.000 0.000 0.451 17.500 5.400 6.500 2.581 0.070 400000
2.143    -2 0.000 0.000 0.000 -0.157 17.500 5.400 6.500 2.581 0.070 400000
5.966    -3 0.000 0.000 0.000 0.465 17.500 5.400 6.500 2.581 0.070 400000
2.514    -2 0.000 0.000 0.000 -0.241 17.500 5.400 6.500 2.581 0.070 400000
3.654    -5 0.000 0.000 0.000 0.181 17.500 5.400 6.500 2.581 0.070 400000
-1.390    -6 0.000 0.000 0.000 -0.467 17.500 5.400 6.500 2.581 0.070 400000
-8.618    -6 0.000 0.000 0.000 -0.819 17.500 5.400 6.500 2.581 0.070 400000
5.544    -6 0.000 0.000 0.000 1.349 17.500 5.400 6.500 2.581 0.070 400000
4.223    -4 0.000 0.000 0.000 -0.019 17.500 5.400 6.500 2.581 0.070 400000
0.550    -4 0.000 0.000 0.000 -0.305 17.500 5.400 6.500 2.581 0.070 400000
2.526    -3 0.000 0.000 0.000 0.228 17.500 5.400 6.500 2.581 0.070 400000
0.292    -2 0.000 0.000 0.000 -0.186 17.500 5.400 6.500 2.581 0.070 400000
5.292    -1 0.000 0.000 0.000 0.551 17.500 5.400 6.500 2.581 0.070 400000
4.157     2 0.000 0.000 0.000 -0.004 17.500 5.400 6.500 2.581 0.070 400000
2.529    -1 0.000 0.000 0.000 -0.083 17.500 5.400 6.500 2.581 0.070 400000
3.981    -1 0.000 0.000 0.000 0.215 17.500 5.400 6.500 2.581 0.070 400000
-2.684     1 0.000 0.000 0.000 -0.636 17.500 5.400 6.500 2.581 0.070 400000
1.796     1 0.000 0.000 0.000 0.427 17.500 5.400 6.500 2.581 0.070 400000
8.348     2 0.000 0.000 0.000 0.755 17.500 5.400 6.500 2.581 0.070 400000
2.163     1 0.000 0.000 0.000 -0.485 17.500 5.400 6.500 2.581 0.070 400000
-4.607     1 0.000 0.000 0.000 -0.689 17.500 5.400 6.500 2.581 0.070 400000
-3.324     3 0.000 0.000 0.000 0.036 17.500 5.400 6.500 2.581 0.070 400000
0.748     0 0.000 0.000 0.000 0.369 17.500 5.400 6.500 2.581 0.070 400000
6.001    -2 0.000 0.000 0.000 0.589 17.500 5.400 6.500 2.581 0.070 400000
5.186    -3 0.000 0.000 0.000 0.047 17.500 5.400 6.500 2.581 0.070 400000
6.221    -3 0.000 0.000 0.000 0.230 17.500 5.400 6.500 2.581 0.070 400000
2.866     2 0.000 0.000 0.000 -0.225 17.500 5.400 6.500 2.581 0.070 400000
0.313     3 0.000 0.000 0.000 -0.213 17.500 5.400 6.500 2.581 0.070 400000
-1.640     3 0.000 0.000 0.000 -0.206 17.500 5.400 6.500 2.581 0.070 400000
2.918     3 0.000 0.000 0.000 0.460 17.500 5.400 6.500 2.581 0.070 400000
-3.000     3 0.000 0.000 0.000 -0.579 17.500 5.400 6.500 2.581 0.070 400000
10.078     2 0.000 0.000 0.000 1.357 17.500 5.400 6.500 2.581 0.070 400000
5.270     0 0.000 0.000 0.000 -0.296 17.500 5.400 6.500 2.581 0.070 400000
3.891     2 0.000 0.000 0.000 -0.031 17.500 5.400 6.500 2.581 0.070 400000
8.732     0 0.000 0.000 0.000 0.616 17.500 5.400 6.500 2.581 0.070 400000
-0.336     5 0.000 0.000 0.000 -0.791 17.500 5.400 6.500 2.581 0.070 400000
2.961     7 0.000 0.000 0.000 0.352 17.500 5.400 6.500 2.581 0.070 400000
8.663     2 0.000 0.000 0.000 0.688 17.500 5.400 6.500 2.581 0.070 400000
-0.441     2 0.000 0.000 0.000 -0.796 17.500 5.400 6.500 2.581 0.070 400000
-5.696     1 0.000 0.000 0.000 -0.583 17.500 5.400 6.500 2.581 0.070 400000
3.408     3 0.000 0.000 0.000 0.863 17.500 5.400 6.500 2.581 0.070 400000
7.195     3 0.000 0.000 0.000 0.490 17.500 5.400 6.500 2.581 0.070 400000
1.041     3 0.000 0.000 0.000 -0.508 17.500 5.400 6.500 2.581 0.070 400000
1.185     1 0.000 0.000 0.000 0.039 17.500 5.400 6.500 2.581 0.070 400000
